1.941949977002250805e-01 1.213511501445400063e-02 -5.503546059165478075e-04 -2.186799142110862348e-02 -1.219294660689906017e-02 9.643437367927153517e-03 5.407197274321547120e-03 3.170995361735452159e-03 6.106243196854693051e-03 -1.132115312919708102e-03 -5.097202176399964410e-03 3.182698216031651373e-02 2.242397729860023199e-04 5.085760166147768220e-03 -1.224681466166383480e-02 -9.051381808309669902e-03 6.375427166645047938e-03 -3.141404235337614723e-04 -1.067335790419874156e-02 -1.128660766315657538e-02 -1.454779070753442483e-02 -3.655332355784336740e-03 -3.194829594816975780e-03 -2.564934153164138975e-03 1.842940843843974413e-02 9.653848949122911804e-03 -2.834560663206010800e-02 1.234507244069594188e-02 -8.138194187744942493e-03 7.877143252870113382e-03 1.502509137605222492e-02 -6.980240535612581600e-03 6.199191279441744647e-03 -2.418407123992686453e-02 1.093862482519630938e-03 -1.766448944729673981e-02 1.562902203732037185e-02 -1.255426947487803258e-02 2.966123262499475478e-03 -1.710598109371891731e-02
1.213511501445400063e-02 1.454541821105544697e-01 -1.426211009887629923e-02 7.638612154661772458e-03 1.490150981158699060e-02 7.781707315536048365e-03 -3.925072747989335337e-03 1.083857409545759334e-02 -6.110807998447889688e-03 -4.652783238500433557e-03 -9.508322725395005823e-03 -7.578517359066040682e-03 2.453334913041845412e-03 -3.363864762933502662e-03 2.571115775690625566e-03 5.859279709248496962e-03 -8.595719778274979548e-04 -1.452494536659292533e-02 1.413248344400579431e-03 9.199524699918923756e-03 -6.923995851265708594e-03 -7.686782565350277520e-03 -1.326033903984918721e-03 -6.824226841507033403e-03 7.196450961960714279e-03 1.433967601632460918e-02 -5.471305110817305944e-03 -2.513407519276964364e-03 -3.607665448671845253e-03 -4.627836639249700672e-03 -1.927489865721964887e-02 -2.037888419680882607e-02 -1.768465777490271481e-03 -2.326076851132074760e-04 6.026499866122353791e-03 4.711331805521779079e-04 1.261212263157801550e-02 5.457219280746788796e-03 1.913864180791739061e-02 2.467429626286388351e-03
-5.503546059165478075e-04 -1.426211009887629923e-02 1.295995640353349854e-01 3.549178816938696433e-03 -5.434731901624237013e-03 1.077017085439124604e-02 1.333541417848112601e-02 7.483985828659406141e-03 3.794485421243957903e-03 -1.791037592916714521e-03 -5.491181236509101726e-03 5.180417515750991488e-04 4.926081167470125997e-03 -5.575646761087827384e-03 1.176591205000074476e-02 1.761717820317170238e-02 1.020258138809982361e-02 2.155943402236453615e-02 2.319571977533951227e-03 -9.867006257911582062e-03 -6.063600379080067403e-03 -7.003796342804627199e-03 3.206197494724026108e-04 1.288808139497704631e-03 2.474479712667640528e-03 1.908617080973608326e-02 -7.080790654413466126e-03 -8.547830485929362038e-03 1.158565945431968766e-02 -5.083606258752757998e-03 1.630243277033300436e-02 5.568166508633723075e-03 -6.295484617190071248e-03 1.240553812261866069e-02 -6.576665351116843701e-03 -1.583626205925342187e-02 1.246587476503999148e-02 1.143323654542690443e-02 -1.403451665501186454e-02 -9.946718241400315328e-04
-2.186799142110862348e-02 7.638612154661772458e-03 3.549178816938696433e-03 1.748624292767489430e-01 2.727729628088861394e-02 -1.803401173369496499e-02 1.943422198677442411e-02 -7.524350333734021283e-03 -7.351197897149929286e-03 1.319425321329141532e-02 -6.105275899596997874e-03 -1.448585527517975285e-02 1.396423037092009434e-02 -2.327899866333084378e-02 -1.087264116664189186e-02 -1.151356550762987034e-02 3.748875141095888916e-03 3.766257676211658134e-03 1.481815671975302007e-02 -6.144836360360459229e-03 1.225831047602011538e-02 1.190757591930856861e-02 -2.844474408896870837e-03 7.438317130136268794e-03 1.799872489940850364e-03 -1.475483025460007456e-03 -1.937397920507994559e-02 1.012400096824465565e-02 1.812429095247929806e-02 -7.256277062030781766e-03 7.988169526831918194e-03 -9.468762125570961974e-03 5.984420078776957891e-03 -8.771094592070202006e-03 6.436637329463594688e-03 2.317347062454189373e-03 8.435036833320455965e-03 2.645772670937943799e-02 6.895749195105022912e-03 1.251372949867986424e-02
-1.219294660689906017e-02 1.490150981158699060e-02 -5.434731901624237013e-03 2.727729628088861394e-02 1.920898064742366795e-01 -5.149696194814995130e-04 -2.882963099545764532e-03 2.138821203842574889e-02 7.264368969197908775e-03 1.585792144444122045e-02 9.995208568953257988e-03 5.042693605976708701e-04 2.078382959441457851e-03 -1.647374336601745495e-02 5.260565068795523998e-03 -1.621113941250267726e-02 -3.468302656697758602e-03 -5.002787983215968137e-04 6.221107007009510186e-03 1.112257650931255254e-02 -4.318290851414631308e-03 1.161505919066322355e-03 -9.060895134680764171e-03 1.243670343322716629e-02 1.290263496591866933e-02 -9.940450046228829772e-03 8.517466394293026627e-03 1.602417890253430080e-02 -1.313073357807396750e-02 1.658468464480868717e-04 -1.334427778898924014e-02 -1.621080594249483826e-03 -2.113148637871330865e-02 -9.411299317936359238e-04 2.115570910645516237e-03 1.648200619751485560e-02 2.482738428217566833e-03 1.223218648162274248e-02 -2.114834315358463579e-04 -1.686633117715379340e-02
9.643437367927153517e-03 7.781707315536048365e-03 1.077017085439124604e-02 -1.803401173369496499e-02 -5.149696194814995130e-04 1.677264792369390911e-01 -1.992548920310507898e-02 -1.725272639789964327e-02 1.295145619559854265e-02 -3.593158159089942117e-03 -5.150854135226979637e-03 2.401868875323200439e-02 3.912052798184731048e-03 -1.560177222941180886e-02 7.376326108032904560e-03 -1.237357190481460159e-02 -4.706522938235904209e-03 -4.072210263042221404e-03 -2.357088878040441374e-03 9.388702273890631167e-03 7.912656379157279041e-03 9.067068207109682879e-03 1.216618747983540423e-02 -1.119439222365677458e-02 -2.729530100820664728e-03 -3.719079793345778529e-03 2.407621257255209302e-03 4.545500408752027079e-03 3.415698425060048789e-03 -8.628220625369295224e-03 -1.533686463283304158e-02 -4.154715627350439623e-03 3.574079430616998627e-03 -3.095055754993453374e-03 -1.006207352903624834e-02 1.024801354639899922e-02 2.665886675294304106e-03 -1.966475711020104072e-02 1.177626375946255743e-02 -1.257937288276047422e-02
5.407197274321547120e-03 -3.925072747989335337e-03 1.333541417848112601e-02 1.943422198677442411e-02 -2.882963099545764532e-03 -1.992548920310507898e-02 1.465099115227146698e-01 -2.055492881996484958e-02 4.738364889972913299e-04 7.079535354997243055e-03 -4.113183913101200843e-03 2.455772240993405256e-02 -1.109637368457689309e-02 3.696545789913116553e-03 -1.422424893604773595e-02 -1.581751822947252695e-02 9.336094843448402777e-03 4.282259463503305247e-03 -3.171244625139957307e-03 -7.332167972141848469e-03 -1.046522778698228372e-02 -8.781486265863655549e-03 -1.815639054697393501e-03 6.776051914286834559e-03 -2.256006108572113122e-05 -8.040839992989516280e-03 -5.637404737009236132e-03 -1.886134155139895102e-02 -2.057718788707972677e-03 1.504347180129608948e-02 -5.821572707925759364e-03 -5.762030360748352648e-03 -3.020827099001469583e-03 -1.257503983130796310e-02 9.405585702794118852e-04 1.185724053296489250e-02 3.111031739362089994e-03 1.582064604243065085e-03 6.863034469664101508e-03 8.075505541182619734e-03
3.170995361735452159e-03 1.083857409545759334e-02 7.483985828659406141e-03 -7.524350333734021283e-03 2.138821203842574889e-02 -1.725272639789964327e-02 -2.055492881996484958e-02 1.642070947694678762e-01 -1.202661028951346796e-03 1.457716776950999590e-02 4.304342519292826685e-03 -4.033976425232057780e-03 1.246717325203592188e-03 -8.737606024070920796e-03 1.160647916903242245e-03 1.922327906436303120e-03 6.900001867761931112e-03 4.580087452256726040e-03 -2.097752034215232333e-02 1.654798648990201196e-02 -8.549651741719167114e-03 1.292645817426806530e-02 -6.880866231752487232e-03 1.899253969258318624e-03 1.116832918445447541e-02 -4.460040084578638549e-03 2.565757631660611424e-02 2.084489533948520601e-02 -3.977118951566626683e-03 -8.813274202720352071e-03 1.356779840808882906e-02 -2.408512690998778835e-02 -8.001627180748586976e-03 1.202555395578639753e-02 9.173953790561746808e-04 7.738625705520729790e-04 -8.376905508034590336e-04 -2.768979125933686194e-04 -1.776677461040339703e-02 -2.317341813806292339e-02
6.106243196854693051e-03 -6.110807998447889688e-03 3.794485421243957903e-03 -7.351197897149929286e-03 7.264368969197908775e-03 1.295145619559854265e-02 4.738364889972913299e-04 -1.202661028951346796e-03 1.931383558376665310e-01 -1.546646384764810422e-02 -4.120461248783525640e-03 2.484268126329890105e-03 1.592738197982578692e-03 -1.520853203298660583e-04 -2.495504471052258783e-03 -1.522938373728841867e-02 -9.406126542070892410e-03 -2.309599136143002107e-02 -1.098258476990313266e-02 -4.230838596577000260e-03 4.608020993140613149e-03 1.341130621343398013e-03 -1.899673831002352681e-02 -1.796752410511165757e-02 4.119030926622148890e-03 1.451383141667799120e-03 -5.648968535104634085e-03 9.492663969838130086e-03 -1.134086553304871833e-02 -7.801164426105378601e-03 7.220195233263488818e-03 2.266578372423740800e-02 3.093484956870357766e-04 -8.446259316867746683e-03 6.672673282709948393e-04 -1.240608258190325358e-02 -1.104020826174611624e-04 -1.731872117364787259e-02 -1.460598373563143024e-02 6.843544027549810539e-03
-1.132115312919708102e-03 -4.652783238500433557e-03 -1.791037592916714521e-03 1.319425321329141532e-02 1.585792144444122045e-02 -3.593158159089942117e-03 7.079535354997243055e-03 1.457716776950999590e-02 -1.546646384764810422e-02 1.727219583083162424e-01 -1.848021261420709066e-04 -2.628638207531260734e-02 -2.379674573502873688e-02 3.721895807904927658e-03 -5.358571348426167599e-03 1.512291094204637303e-02 -6.538072780981166697e-03 1.837201540995087382e-02 1.032353946286729968e-02 -1.808607245214739756e-02 7.692259848359976789e-03 -1.168919282126950135e-02 -7.283611789296630390e-03 2.391463106823257453e-02 1.671626872252983658e-03 -7.393399184038417470e-03 2.255634561757981996e-03 -9.131045335652352389e-05 -8.924800056462952463e-03 1.335037363698760547e-02 4.392080753556363605e-03 -2.059391502613224737e-03 -3.508129592585636398e-03 5.926362254707451434e-03 -4.298279143212101368e-03 2.770350360332464370e-03 3.080838303321092441e-03 -9.843476902496553493e-03 6.870960299932936735e-03 -1.011501441945453564e-02
-5.097202176399964410e-03 -9.508322725395005823e-03 -5.491181236509101726e-03 -6.105275899596997874e-03 9.995208568953257988e-03 -5.150854135226979637e-03 -4.113183913101200843e-03 4.304342519292826685e-03 -4.120461248783525640e-03 -1.848021261420709066e-04 1.643858711303662901e-01 -1.277470442062654012e-02 8.643238867772616921e-03 2.346119135451313602e-03 -1.336468270379326771e-02 -1.175409321465892103e-02 1.477580622619759955e-02 6.302154452595995320e-03 -1.251876000586590962e-03 -1.120148853058619207e-02 4.336995385758422340e-03 2.183057025639198630e-03 -4.890103582641461798e-03 2.255674580135150036e-03 2.150888585705445361e-02 -8.964202040907986307e-03 5.155571522612895953e-03 6.985057413361400042e-03 2.903555066384673131e-02 6.349861833802244310e-03 4.858315575406151748e-03 2.285646052164460804e-03 -8.572933448163937847e-03 2.546134382608670685e-03 -1.375530400748769221e-02 1.090667633972243825e-02 1.898912255096419158e-02 3.994096157102241737e-03 -2.256280016320838175e-02 -1.165433826530377741e-02
3.182698216031651373e-02 -7.578517359066040682e-03 5.180417515750991488e-04 -1.448585527517975285e-02 5.042693605976708701e-04 2.401868875323200439e-02 2.455772240993405256e-02 -4.033976425232057780e-03 2.484268126329890105e-03 -2.628638207531260734e-02 -1.277470442062654012e-02 1.834856323258270139e-01 1.617960724984776957e-02 -2.099898489473510724e-02 -1.520553389771117821e-02 -6.446036879521887218e-03 -2.516465549633674359e-02 -1.500965253808262539e-02 -5.416568153459633099e-03 1.318974090820192006e-02 1.454891536273168751e-02 -4.535668500290610666e-03 -1.276607392724797042e-03 2.730868409712278871e-03 -1.162035856453316578e-02 -1.184106711961819582e-02 -5.282288867625673130e-03 -1.398905576606770430e-02 -2.749401312665672795e-02 3.933906587703540382e-03 -1.145602078291185722e-03 -9.146105495469845567e-03 2.496257145677343442e-02 -7.081091737581515257e-03 -1.592402521550033423e-02 -2.695300882748291951e-02 5.726116722853732011e-04 -9.993803246250258787e-03 2.104218940847619727e-06 -9.242496601164487333e-03
2.242397729860023199e-04 2.453334913041845412e-03 4.926081167470125997e-03 1.396423037092009434e-02 2.078382959441457851e-03 3.912052798184731048e-03 -1.109637368457689309e-02 1.246717325203592188e-03 1.592738197982578692e-03 -2.379674573502873688e-02 8.643238867772616921e-03 1.617960724984776957e-02 1.480552965759449058e-01 1.030376137983878525e-02 -1.094826908524918103e-02 -1.747129282287825450e-02 -3.417008271997526523e-03 1.641506548485520411e-02 -1.131415861134451618e-02 8.120223811553833881e-03 2.009370719402932097e-03 -1.186649386547784790e-03 2.138640054733192269e-02 -2.739108236151247509e-03 1.418522983942140190e-03 8.388519403239346958e-03 -1.460898720893082439e-02 9.668485310429094856e-03 1.413453089605108161e-02 -2.063167846730549343e-02 -1.680828519563368206e-02 -2.344959366886645302e-02 6.967068285770885994e-03 -7.592298987516816512e-03 -1.642207290371930362e-02 -1.534500441500579208e-04 1.830902453072670230e-02 1.233413575593623329e-02 -1.640778893326933982e-02 7.228724915738227175e-04
5.085760166147768220e-03 -3.363864762933502662e-03 -5.575646761087827384e-03 -2.327899866333084378e-02 -1.647374336601745495e-02 -1.560177222941180886e-02 3.696545789913116553e-03 -8.737606024070920796e-03 -1.520853203298660583e-04 3.721895807904927658e-03 2.346119135451313602e-03 -2.099898489473510724e-02 1.030376137983878525e-02 1.652108950704334611e-01 2.300717664561775441e-02 5.923053310427017597e-03 -3.631665236235939297e-03 -6.101060943256099260e-03 -2.128692726725807741e-03 -1.771931289335201137e-02 1.537114873494635665e-02 1.318677881072104034e-02 1.686231104661360322e-02 8.119483828915349810e-03 -2.983294984245649008e-03 9.627089499349282542e-03 1.189808749086584093e-02 2.352992372401877062e-03 2.281650079959050489e-02 -1.290067290176815339e-02 -2.280685954863907738e-03 1.499192620430259311e-02 -8.014719305669918206e-03 1.505630992845327989e-02 6.987092118452478164e-03 1.090033193500557175e-03 -7.596350265404531663e-03 4.340763577442257291e-03 -5.025674289269737444e-03 2.319352090992137818e-04
-1.224681466166383480e-02 2.571115775690625566e-03 1.176591205000074476e-02 -1.087264116664189186e-02 5.260565068795523998e-03 7.376326108032904560e-03 -1.422424893604773595e-02 1.160647916903242245e-03 -2.495504471052258783e-03 -5.358571348426167599e-03 -1.336468270379326771e-02 -1.520553389771117821e-02 -1.094826908524918103e-02 2.300717664561775441e-02 1.674408405664027100e-01 -1.742444927437373538e-03 -1.354447545567972469e-03 2.486692683035553880e-03 6.270906856740254831e-03 4.639072956685019559e-03 -9.844796643292482927e-03 7.790525459201375243e-03 1.384504720063199287e-02 8.295365236469797593e-03 -1.320163922332704375e-02 2.505620979584680802e-03 -2.949064474820208698e-03 -1.842866090659413825e-05 -5.033927842855131715e-03 -7.483459071372144771e-03 -1.181470232222096330e-02 4.818344943823284730e-03 -2.699417043905362381e-03 6.303399792546043878e-03 1.204964983627316959e-02 1.068770595186272453e-02 -1.502084465356026861e-02 9.303983758457361197e-03 6.384160700076581393e-04 4.673314230372606869e-03
-9.051381808309669902e-03 5.859279709248496962e-03 1.761717820317170238e-02 -1.151356550762987034e-02 -1.621113941250267726e-02 -1.237357190481460159e-02 -1.581751822947252695e-02 1.922327906436303120e-03 -1.522938373728841867e-02 1.512291094204637303e-02 -1.175409321465892103e-02 -6.446036879521887218e-03 -1.747129282287825450e-02 5.923053310427017597e-03 -1.742444927437373538e-03 1.871486808397250790e-01 -1.937895852060673649e-02 2.308160092911787017e-02 8.590288533313958710e-03 -2.091945810092175895e-02 -5.788028888929926813e-03 1.868724846776513224e-02 -2.748034621291862035e-03 5.641922183695627889e-03 -4.796630891644391645e-03 1.188803067668263436e-02 2.664885549222971873e-03 1.198137716572019899e-04 -7.994624224623964048e-03 9.245270699089883082e-03 1.194990898996266780e-02 8.543236317653793085e-04 -8.644345778697484425e-05 1.080506850202677359e-02 -1.516267599821366670e-02 9.642927230262285723e-04 -7.586268289275541199e-03 1.026106576667876018e-02 -3.808792286987141163e-03 -5.789025574166993190e-03
6.375427166645047938e-03 -8.595719778274979548e-04 1.020258138809982361e-02 3.748875141095888916e-03 -3.468302656697758602e-03 -4.706522938235904209e-03 9.336094843448402777e-03 6.900001867761931112e-03 -9.406126542070892410e-03 -6.538072780981166697e-03 1.477580622619759955e-02 -2.516465549633674359e-02 -3.417008271997526523e-03 -3.631665236235939297e-03 -1.354447545567972469e-03 -1.937895852060673649e-02 1.406870223773855622e-01 -3.581833446026359488e-03 4.632355993988264420e-03 -4.210961634084122059e-03 -2.413627405076108293e-03 -3.845693965270052979e-03 -7.241991251900094240e-03 -6.849184983609698379e-03 1.368176402034369625e-02 5.224838397922077111e-03 1.351539363130813956e-03 -2.181469579409271720e-02 -7.693239644354202093e-03 -1.586684862538164167e-02 1.185600771643579437e-02 1.224496716687969479e-02 -7.524343730054916871e-03 -1.551475111311113701e-02 -2.736041206620622342e-03 3.944528189378405415e-03 5.187137435069776731e-03 1.688298113852909708e-03 -1.216720719658325248e-02 3.950411365902888744e-03
-3.141404235337614723e-04 -1.452494536659292533e-02 2.155943402236453615e-02 3.766257676211658134e-03 -5.002787983215968137e-04 -4.072210263042221404e-03 4.282259463503305247e-03 4.580087452256726040e-03 -2.309599136143002107e-02 1.837201540995087382e-02 6.302154452595995320e-03 -1.500965253808262539e-02 1.641506548485520411e-02 -6.101060943256099260e-03 2.486692683035553880e-03 2.308160092911787017e-02 -3.581833446026359488e-03 1.611921619846876097e-01 4.223388120163522157e-03 -1.359133425409996682e-02 6.368055967448745967e-04 1.149856165883595717e-02 1.891697007056319241e-02 9.804863520525973486e-03 1.350638139980236095e-02 9.223019176854146614e-03 -1.430241945527684945e-02 -9.834541262754873878e-03 -9.707453642705652155e-03 1.748417574988909940e-03 -8.361381462261454137e-03 1.157985071402562079e-02 5.981329850865592032e-03 6.108377554294465266e-03 -2.329576800959816743e-02 -4.815745723635733548e-03 5.241305323351118373e-03 -9.123615380704157285e-03 -1.106444150305912078e-03 1.275150765860949380e-02
-1.067335790419874156e-02 1.413248344400579431e-03 2.319571977533951227e-03 1.481815671975302007e-02 6.221107007009510186e-03 -2.357088878040441374e-03 -3.171244625139957307e-03 -2.097752034215232333e-02 -1.098258476990313266e-02 1.032353946286729968e-02 -1.251876000586590962e-03 -5.416568153459633099e-03 -1.131415861134451618e-02 -2.128692726725807741e-03 6.270906856740254831e-03 8.590288533313958710e-03 4.632355993988264420e-03 4.223388120163522157e-03 1.503288358147198411e-01 5.010461791311272492e-03 -2.869557763854856548e-03 -2.717646947483477304e-03 -1.101019285782747423e-02 2.611462398551855218e-02 -8.866172953630953356e-04 -1.907840926681297075e-03 -1.274095325925164203e-02 -6.662538250870022639e-03 1.923273117598378818e-03 1.291610907725816541e-02 2.831354739214622142e-03 1.348776671734848442e-02 6.316291143509338013e-03 1.325948147132144112e-03 6.427744018468119387e-04 1.507981386663982855e-02 6.901440564325777953e-03 6.118138891392399959e-04 -1.712265530716164733e-03 1.093931204193516332e-02
-1.128660766315657538e-02 9.199524699918923756e-03 -9.867006257911582062e-03 -6.144836360360459229e-03 1.112257650931255254e-02 9.388702273890631167e-03 -7.332167972141848469e-03 1.654798648990201196e-02 -4.230838596577000260e-03 -1.808607245214739756e-02 -1.120148853058619207e-02 1.318974090820192006e-02 8.120223811553833881e-03 -1.771931289335201137e-02 4.639072956685019559e-03 -2.091945810092175895e-02 -4.210961634084122059e-03 -1.359133425409996682e-02 5.010461791311272492e-03 1.654931474350473108e-01 -3.922762977277642268e-03 3.673868795532624423e-03 8.905290624616715722e-03 -8.538552187268849333e-03 -8.468760888388642688e-03 2.603616947511670689e-03 -2.342557613724358979e-03 9.365326807081145177e-03 1.957995082599949151e-03 1.882681338670984901e-03 -1.547896113588621836e-02 -2.314999344954017310e-02 -9.279362729665945053e-03 1.208384254027631936e-02 2.577135779931922013e-02 -2.509725426751056778e-03 -2.592878985353273824e-02 -1.954578808364189346e-02 6.187410597178929529e-03 1.050572380354909512e-02
-1.454779070753442483e-02 -6.923995851265708594e-03 -6.063600379080067403e-03 1.225831047602011538e-02 -4.318290851414631308e-03 7.912656379157279041e-03 -1.046522778698228372e-02 -8.549651741719167114e-03 4.608020993140613149e-03 7.692259848359976789e-03 4.336995385758422340e-03 1.454891536273168751e-02 2.009370719402932097e-03 1.537114873494635665e-02 -9.844796643292482927e-03 -5.788028888929926813e-03 -2.413627405076108293e-03 6.368055967448745967e-04 -2.869557763854856548e-03 -3.922762977277642268e-03 1.450929613469097434e-01 5.278388329382167551e-03 1.721394054579839308e-02 -1.002663525550799269e-03 -2.153020780280881855e-02 1.434398407571261733e-02 3.462540711582183647e-04 2.074513461063733142e-04 -1.523944250342287171e-02 1.182159624967633361e-02 1.546918683226313103e-02 1.064392336708324185e-02 -8.092377641315647713e-03 9.347169496310613057e-03 1.062783318164024250e-02 -4.670728615396119339e-03 -1.243627445255549892e-02 -6.739070787825559780e-03 -2.445826699051498881e-03 2.758743549870825915e-02
-3.655332355784336740e-03 -7.686782565350277520e-03 -7.003796342804627199e-03 1.190757591930856861e-02 1.161505919066322355e-03 9.067068207109682879e-03 -8.781486265863655549e-03 1.292645817426806530e-02 1.341130621343398013e-03 -1.168919282126950135e-02 2.183057025639198630e-03 -4.535668500290610666e-03 -1.186649386547784790e-03 1.318677881072104034e-02 7.790525459201375243e-03 1.868724846776513224e-02 -3.845693965270052979e-03 1.149856165883595717e-02 -2.717646947483477304e-03 3.673868795532624423e-03 5.278388329382167551e-03 1.419141497829208842e-01 -9.894120171704066935e-03 3.670015820812248027e-03 -1.835755896896810839e-03 -1.427288797034756765e-02 1.673669285204809273e-02 7.206108427045208355e-03 4.116090592195071826e-03 -7.819042225489675549e-03 1.511646776938613875e-03 1.821226378344273020e-03 -1.168319158477718056e-02 -1.073183142567971267e-02 3.348041224584985109e-03 5.272138013298764865e-03 -1.017941949449116361e-02 -3.514017753926805456e-03 1.855006110671980667e-03 -1.232902420327287689e-02
-3.194829594816975780e-03 -1.326033903984918721e-03 3.206197494724026108e-04 -2.844474408896870837e-03 -9.060895134680764171e-03 1.216618747983540423e-02 -1.815639054697393501e-03 -6.880866231752487232e-03 -1.899673831002352681e-02 -7.283611789296630390e-03 -4.890103582641461798e-03 -1.276607392724797042e-03 2.138640054733192269e-02 1.686231104661360322e-02 1.384504720063199287e-02 -2.748034621291862035e-03 -7.241991251900094240e-03 1.891697007056319241e-02 -1.101019285782747423e-02 8.905290624616715722e-03 1.721394054579839308e-02 -9.894120171704066935e-03 1.501139325709189010e-01 -7.548175555338599609e-03 -9.376292283540435535e-03 -2.803627264883608479e-03 -1.966251056264433153e-02 4.927323948152721213e-03 2.090770612942969425e-03 -1.436496388427063514e-03 -1.352177595323668553e-02 -1.124102208522764594e-02 3.805468235029653076e-03 7.030877943351227476e-03 -8.150302864178338158e-03 -4.868443939032183684e-03 -8.108397224250635249e-03 7.354120336832153763e-03 1.823472936478367015e-02 -5.768820074518678145e-04
-2.564934153164138975e-03 -6.824226841507033403e-03 1.288808139497704631e-03 7.438317130136268794e-03 1.243670343322716629e-02 -1.119439222365677458e-02 6.776051914286834559e-03 1.899253969258318624e-03 -1.796752410511165757e-02 2.391463106823257453e-02 2.255674580135150036e-03 2.730868409712278871e-03 -2.739108236151247509e-03 8.119483828915349810e-03 8.295365236469797593e-03 5.641922183695627889e-03 -6.849184983609698379e-03 9.804863520525973486e-03 2.611462398551855218e-02 -8.538552187268849333e-03 -1.002663525550799269e-03 3.670015820812248027e-03 -7.548175555338599609e-03 1.595842115144900653e-01 4.712600287837037140e-03 6.916336414903404527e-03 1.224703358240542689e-02 -9.617111159466094211e-03 1.693130401469730012e-02 6.664714035259764260e-03 -9.644297515945834259e-03 8.980305054361363559e-03 -6.794276646441688508e-03 -1.228808694610173486e-03 -1.233180745153142528e-02 -1.716735899740165841e-02 3.262624408608069682e-03 -8.800085842294136373e-03 -1.149740764129530100e-02 1.743330353410946915e-02
1.842940843843974413e-02 7.196450961960714279e-03 2.474479712667640528e-03 1.799872489940850364e-03 1.290263496591866933e-02 -2.729530100820664728e-03 -2.256006108572113122e-05 1.116832918445447541e-02 4.119030926622148890e-03 1.671626872252983658e-03 2.150888585705445361e-02 -1.162035856453316578e-02 1.418522983942140190e-03 -2.983294984245649008e-03 -1.320163922332704375e-02 -4.796630891644391645e-03 1.368176402034369625e-02 1.350638139980236095e-02 -8.866172953630953356e-04 -8.468760888388642688e-03 -2.153020780280881855e-02 -1.835755896896810839e-03 -9.376292283540435535e-03 4.712600287837037140e-03 1.147341668397407755e-01 6.836652365778462560e-03 -3.825672777287267984e-03 3.541621371386480949e-02 -1.639425247341119371e-02 -2.411902332275056918e-03 -5.543546219820407427e-03 -5.183553193056287568e-03 -1.360242924999177736e-03 -4.244797305355107325e-03 -1.499960825477908953e-02 3.610322698409418850e-03 1.278832663659404748e-02 1.812725877339976767e-03 -7.508717834982001765e-03 6.308495188300717368e-04
9.653848949122911804e-03 1.433967601632460918e-02 1.908617080973608326e-02 -1.475483025460007456e-03 -9.940450046228829772e-03 -3.719079793345778529e-03 -8.040839992989516280e-03 -4.460040084578638549e-03 1.451383141667799120e-03 -7.393399184038417470e-03 -8.964202040907986307e-03 -1.184106711961819582e-02 8.388519403239346958e-03 9.627089499349282542e-03 2.505620979584680802e-03 1.188803067668263436e-02 5.224838397922077111e-03 9.223019176854146614e-03 -1.907840926681297075e-03 2.603616947511670689e-03 1.434398407571261733e-02 -1.427288797034756765e-02 -2.803627264883608479e-03 6.916336414903404527e-03 6.836652365778462560e-03 1.411083014069745845e-01 1.655806352353752370e-02 9.464139673185652940e-03 4.503668318692653598e-03 1.039478228536677359e-02 2.771537592749661119e-03 -1.588950397881652103e-03 2.578464461640878232e-03 -2.882276819579480693e-03 4.329141196395682595e-03 -1.250109902302121330e-02 4.916454879499754065e-03 7.098416675808489652e-03 -1.961172584660606996e-03 9.234994278010406205e-03
-2.834560663206010800e-02 -5.471305110817305944e-03 -7.080790654413466126e-03 -1.937397920507994559e-02 8.517466394293026627e-03 2.407621257255209302e-03 -5.637404737009236132e-03 2.565757631660611424e-02 -5.648968535104634085e-03 2.255634561757981996e-03 5.155571522612895953e-03 -5.282288867625673130e-03 -1.460898720893082439e-02 1.189808749086584093e-02 -2.949064474820208698e-03 2.664885549222971873e-03 1.351539363130813956e-03 -1.430241945527684945e-02 -1.274095325925164203e-02 -2.342557613724358979e-03 3.462540711582183647e-04 1.673669285204809273e-02 -1.966251056264433153e-02 1.224703358240542689e-02 -3.825672777287267984e-03 1.655806352353752370e-02 1.603049111379441227e-01 -1.007794205002382308e-02 2.664697562496295361e-03 -6.618506556964985762e-04 8.895193189214226775e-03 -5.796283740370825575e-03 5.296355679461843113e-04 -7.871879055988507262e-03 1.262993087405824694e-02 1.193765946209329395e-02 1.949710813507148782e-02 -1.593127430921298599e-03 6.534464630587230247e-03 3.177244042091617593e-03
1.234507244069594188e-02 -2.513407519276964364e-03 -8.547830485929362038e-03 1.012400096824465565e-02 1.602417890253430080e-02 4.545500408752027079e-03 -1.886134155139895102e-02 2.084489533948520601e-02 9.492663969838130086e-03 -9.131045335652352389e-05 6.985057413361400042e-03 -1.398905576606770430e-02 9.668485310429094856e-03 2.352992372401877062e-03 -1.842866090659413825e-05 1.198137716572019899e-04 -2.181469579409271720e-02 -9.834541262754873878e-03 -6.662538250870022639e-03 9.365326807081145177e-03 2.074513461063733142e-04 7.206108427045208355e-03 4.927323948152721213e-03 -9.617111159466094211e-03 3.541621371386480949e-02 9.464139673185652940e-03 -1.007794205002382308e-02 1.706358231707462980e-01 8.921899728032353649e-03 1.798757716080709099e-02 7.035403021956432301e-03 -1.590606678110180819e-02 -1.307720582894107177e-02 1.196828803054488487e-02 1.859757655239817342e-02 9.964323412063817720e-03 -3.583126850407914940e-03 2.763261075026179903e-02 1.962127808509740636e-03 -7.674544418088236064e-03
-8.138194187744942493e-03 -3.607665448671845253e-03 1.158565945431968766e-02 1.812429095247929806e-02 -1.313073357807396750e-02 3.415698425060048789e-03 -2.057718788707972677e-03 -3.977118951566626683e-03 -1.134086553304871833e-02 -8.924800056462952463e-03 2.903555066384673131e-02 -2.749401312665672795e-02 1.413453089605108161e-02 2.281650079959050489e-02 -5.033927842855131715e-03 -7.994624224623964048e-03 -7.693239644354202093e-03 -9.707453642705652155e-03 1.923273117598378818e-03 1.957995082599949151e-03 -1.523944250342287171e-02 4.116090592195071826e-03 2.090770612942969425e-03 1.693130401469730012e-02 -1.639425247341119371e-02 4.503668318692653598e-03 2.664697562496295361e-03 8.921899728032353649e-03 1.768502889534128431e-01 8.515112193531996013e-03 4.679987780308915608e-03 -6.553968422008400740e-03 3.470498174373860215e-03 8.543965361112036694e-03 -2.146240633880539331e-02 6.483150737161932214e-03 7.978833155275031827e-03 2.536330875565106710e-02 -3.146814310931420316e-03 7.640282679431742614e-03
7.877143252870113382e-03 -4.627836639249700672e-03 -5.083606258752757998e-03 -7.256277062030781766e-03 1.658468464480868717e-04 -8.628220625369295224e-03 1.504347180129608948e-02 -8.813274202720352071e-03 -7.801164426105378601e-03 1.335037363698760547e-02 6.349861833802244310e-03 3.933906587703540382e-03 -2.063167846730549343e-02 -1.290067290176815339e-02 -7.483459071372144771e-03 9.245270699089883082e-03 -1.586684862538164167e-02 1.748417574988909940e-03 1.291610907725816541e-02 1.882681338670984901e-03 1.182159624967633361e-02 -7.819042225489675549e-03 -1.436496388427063514e-03 6.664714035259764260e-03 -2.411902332275056918e-03 1.039478228536677359e-02 -6.618506556964985762e-04 1.798757716080709099e-02 8.515112193531996013e-03 1.463335697417848524e-01 -2.335120840655169165e-03 -3.592491925245793784e-03 -2.039786253981244746e-02 1.736998448299027428e-02 -7.499156548269514844e-05 -1.036778000963418066e-02 -3.318398853634672244e-04 -8.611041368601949145e-03 3.919023556376534032e-03 -9.446222502354849337e-03
1.502509137605222492e-02 -1.927489865721964887e-02 1.630243277033300436e-02 7.988169526831918194e-03 -1.334427778898924014e-02 -1.533686463283304158e-02 -5.821572707925759364e-03 1.356779840808882906e-02 7.220195233263488818e-03 4.392080753556363605e-03 4.858315575406151748e-03 -1.145602078291185722e-03 -1.680828519563368206e-02 -2.280685954863907738e-03 -1.181470232222096330e-02 1.194990898996266780e-02 1.185600771643579437e-02 -8.361381462261454137e-03 2.831354739214622142e-03 -1.547896113588621836e-02 1.546918683226313103e-02 1.511646776938613875e-03 -1.352177595323668553e-02 -9.644297515945834259e-03 -5.543546219820407427e-03 2.771537592749661119e-03 8.895193189214226775e-03 7.035403021956432301e-03 4.679987780308915608e-03 -2.335120840655169165e-03 1.585828278575603656e-01 1.294905671858160440e-02 6.544832692937639987e-03 1.427404305924500835e-02 -6.943801012757346274e-04 1.485444753505989418e-03 1.953015788686069884e-02 1.183448795903754500e-02 6.553700740265157310e-03 2.461947085141698646e-02
-6.980240535612581600e-03 -2.037888419680882607e-02 5.568166508633723075e-03 -9.468762125570961974e-03 -1.621080594249483826e-03 -4.154715627350439623e-03 -5.762030360748352648e-03 -2.408512690998778835e-02 2.266578372423740800e-02 -2.059391502613224737e-03 2.285646052164460804e-03 -9.146105495469845567e-03 -2.344959366886645302e-02 1.499192620430259311e-02 4.818344943823284730e-03 8.543236317653793085e-04 1.224496716687969479e-02 1.157985071402562079e-02 1.348776671734848442e-02 -2.314999344954017310e-02 1.064392336708324185e-02 1.821226378344273020e-03 -1.124102208522764594e-02 8.980305054361363559e-03 -5.183553193056287568e-03 -1.588950397881652103e-03 -5.796283740370825575e-03 -1.590606678110180819e-02 -6.553968422008400740e-03 -3.592491925245793784e-03 1.294905671858160440e-02 1.732837703663363538e-01 -1.107126231800869415e-02 1.061223622196103521e-02 -1.195638737591534894e-03 1.912438047023506255e-02 1.216473941241852201e-02 -9.014844061454646215e-03 -1.019514024133259637e-02 2.226287276590485642e-02
6.199191279441744647e-03 -1.768465777490271481e-03 -6.295484617190071248e-03 5.984420078776957891e-03 -2.113148637871330865e-02 3.574079430616998627e-03 -3.020827099001469583e-03 -8.001627180748586976e-03 3.093484956870357766e-04 -3.508129592585636398e-03 -8.572933448163937847e-03 2.496257145677343442e-02 6.967068285770885994e-03 -8.014719305669918206e-03 -2.699417043905362381e-03 -8.644345778697484425e-05 -7.524343730054916871e-03 5.981329850865592032e-03 6.316291143509338013e-03 -9.279362729665945053e-03 -8.092377641315647713e-03 -1.168319158477718056e-02 3.805468235029653076e-03 -6.794276646441688508e-03 -1.360242924999177736e-03 2.578464461640878232e-03 5.296355679461843113e-04 -1.307720582894107177e-02 3.470498174373860215e-03 -2.039786253981244746e-02 6.544832692937639987e-03 -1.107126231800869415e-02 1.500437942236043098e-01 -1.136180163760683922e-03 -1.871247134140819821e-02 1.033991828147183545e-02 -3.964900525201678584e-06 -5.951551553313042323e-03 -1.302247578095220215e-03 1.044405443739401286e-02
-2.418407123992686453e-02 -2.326076851132074760e-04 1.240553812261866069e-02 -8.771094592070202006e-03 -9.411299317936359238e-04 -3.095055754993453374e-03 -1.257503983130796310e-02 1.202555395578639753e-02 -8.446259316867746683e-03 5.926362254707451434e-03 2.546134382608670685e-03 -7.081091737581515257e-03 -7.592298987516816512e-03 1.505630992845327989e-02 6.303399792546043878e-03 1.080506850202677359e-02 -1.551475111311113701e-02 6.108377554294465266e-03 1.325948147132144112e-03 1.208384254027631936e-02 9.347169496310613057e-03 -1.073183142567971267e-02 7.030877943351227476e-03 -1.228808694610173486e-03 -4.244797305355107325e-03 -2.882276819579480693e-03 -7.871879055988507262e-03 1.196828803054488487e-02 8.543965361112036694e-03 1.736998448299027428e-02 1.427404305924500835e-02 1.061223622196103521e-02 -1.136180163760683922e-03 1.329474254486378293e-01 -5.036896947656453218e-03 -1.116129917532111653e-02 -1.954459818655924358e-02 -7.736297966213873285e-03 -5.315431529029691383e-03 -1.074568781899655316e-02
1.093862482519630938e-03 6.026499866122353791e-03 -6.576665351116843701e-03 6.436637329463594688e-03 2.115570910645516237e-03 -1.006207352903624834e-02 9.405585702794118852e-04 9.173953790561746808e-04 6.672673282709948393e-04 -4.298279143212101368e-03 -1.375530400748769221e-02 -1.592402521550033423e-02 -1.642207290371930362e-02 6.987092118452478164e-03 1.204964983627316959e-02 -1.516267599821366670e-02 -2.736041206620622342e-03 -2.329576800959816743e-02 6.427744018468119387e-04 2.577135779931922013e-02 1.062783318164024250e-02 3.348041224584985109e-03 -8.150302864178338158e-03 -1.233180745153142528e-02 -1.499960825477908953e-02 4.329141196395682595e-03 1.262993087405824694e-02 1.859757655239817342e-02 -2.146240633880539331e-02 -7.499156548269514844e-05 -6.943801012757346274e-04 -1.195638737591534894e-03 -1.871247134140819821e-02 -5.036896947656453218e-03 1.729673724155962045e-01 4.115849739842473293e-03 -1.711699545282283075e-02 -3.394191868476688096e-03 -2.657938573191642902e-03 4.983881905106884308e-03
-1.766448944729673981e-02 4.711331805521779079e-04 -1.583626205925342187e-02 2.317347062454189373e-03 1.648200619751485560e-02 1.024801354639899922e-02 1.185724053296489250e-02 7.738625705520729790e-04 -1.240608258190325358e-02 2.770350360332464370e-03 1.090667633972243825e-02 -2.695300882748291951e-02 -1.534500441500579208e-04 1.090033193500557175e-03 1.068770595186272453e-02 9.642927230262285723e-04 3.944528189378405415e-03 -4.815745723635733548e-03 1.507981386663982855e-02 -2.509725426751056778e-03 -4.670728615396119339e-03 5.272138013298764865e-03 -4.868443939032183684e-03 -1.716735899740165841e-02 3.610322698409418850e-03 -1.250109902302121330e-02 1.193765946209329395e-02 9.964323412063817720e-03 6.483150737161932214e-03 -1.036778000963418066e-02 1.485444753505989418e-03 1.912438047023506255e-02 1.033991828147183545e-02 -1.116129917532111653e-02 4.115849739842473293e-03 1.545566954929727954e-01 1.365522419654942310e-02 3.373338708759028495e-03 6.371261355885399734e-03 1.725836031763786083e-02
1.562902203732037185e-02 1.261212263157801550e-02 1.246587476503999148e-02 8.435036833320455965e-03 2.482738428217566833e-03 2.665886675294304106e-03 3.111031739362089994e-03 -8.376905508034590336e-04 -1.104020826174611624e-04 3.080838303321092441e-03 1.898912255096419158e-02 5.726116722853732011e-04 1.830902453072670230e-02 -7.596350265404531663e-03 -1.502084465356026861e-02 -7.586268289275541199e-03 5.187137435069776731e-03 5.241305323351118373e-03 6.901440564325777953e-03 -2.592878985353273824e-02 -1.243627445255549892e-02 -1.017941949449116361e-02 -8.108397224250635249e-03 3.262624408608069682e-03 1.278832663659404748e-02 4.916454879499754065e-03 1.949710813507148782e-02 -3.583126850407914940e-03 7.978833155275031827e-03 -3.318398853634672244e-04 1.953015788686069884e-02 1.216473941241852201e-02 -3.964900525201678584e-06 -1.954459818655924358e-02 -1.711699545282283075e-02 1.365522419654942310e-02 1.617537165434633217e-01 1.573641470067894260e-02 -8.877738809928396521e-03 1.383665520753016298e-03
-1.255426947487803258e-02 5.457219280746788796e-03 1.143323654542690443e-02 2.645772670937943799e-02 1.223218648162274248e-02 -1.966475711020104072e-02 1.582064604243065085e-03 -2.768979125933686194e-04 -1.731872117364787259e-02 -9.843476902496553493e-03 3.994096157102241737e-03 -9.993803246250258787e-03 1.233413575593623329e-02 4.340763577442257291e-03 9.303983758457361197e-03 1.026106576667876018e-02 1.688298113852909708e-03 -9.123615380704157285e-03 6.118138891392399959e-04 -1.954578808364189346e-02 -6.739070787825559780e-03 -3.514017753926805456e-03 7.354120336832153763e-03 -8.800085842294136373e-03 1.812725877339976767e-03 7.098416675808489652e-03 -1.593127430921298599e-03 2.763261075026179903e-02 2.536330875565106710e-02 -8.611041368601949145e-03 1.183448795903754500e-02 -9.014844061454646215e-03 -5.951551553313042323e-03 -7.736297966213873285e-03 -3.394191868476688096e-03 3.373338708759028495e-03 1.573641470067894260e-02 1.738504694319651100e-01 2.702187537259554111e-03 3.583147605215178822e-03
2.966123262499475478e-03 1.913864180791739061e-02 -1.403451665501186454e-02 6.895749195105022912e-03 -2.114834315358463579e-04 1.177626375946255743e-02 6.863034469664101508e-03 -1.776677461040339703e-02 -1.460598373563143024e-02 6.870960299932936735e-03 -2.256280016320838175e-02 2.104218940847619727e-06 -1.640778893326933982e-02 -5.025674289269737444e-03 6.384160700076581393e-04 -3.808792286987141163e-03 -1.216720719658325248e-02 -1.106444150305912078e-03 -1.712265530716164733e-03 6.187410597178929529e-03 -2.445826699051498881e-03 1.855006110671980667e-03 1.823472936478367015e-02 -1.149740764129530100e-02 -7.508717834982001765e-03 -1.961172584660606996e-03 6.534464630587230247e-03 1.962127808509740636e-03 -3.146814310931420316e-03 3.919023556376534032e-03 6.553700740265157310e-03 -1.019514024133259637e-02 -1.302247578095220215e-03 -5.315431529029691383e-03 -2.657938573191642902e-03 6.371261355885399734e-03 -8.877738809928396521e-03 2.702187537259554111e-03 1.824046585863872971e-01 5.759154862669059287e-03
