1.708716660582264013e-01 -1.833801615858094043e-03 -1.910718656177284652e-03 -4.395008309672440196e-03 5.315391986168114223e-03 -1.152800042862717547e-03 6.554614345361310136e-03 1.004193684585560735e-02 3.374195289335679411e-04 -9.547816412342169075e-05 -4.910921552649993711e-06 7.067601903822218852e-04 2.655395852955629368e-03 -2.204191133500734649e-03 -2.339425885128270169e-04 -1.149380203007250092e-03 9.527464261354715025e-03 -3.629863249849648883e-03 -9.080383927748375550e-03 -8.620453714278169741e-03 -3.478343111504989330e-03 8.409294536300999587e-03 1.593184578384988217e-03 -6.346450308196202941e-03 5.608237486545254030e-03 4.145311360821395813e-03 -1.402607866739102307e-03 -4.917200805847162480e-03 -9.811615844243681134e-03 -2.186139008444603227e-03 -3.482030306570032922e-03 -4.260903369116105649e-03 7.821768568083585157e-03 -6.753571735107349872e-03 -1.867639601207237354e-03 1.714113267392641197e-03 2.805242391757483116e-03 6.911430342526225790e-03 2.528614098202675801e-03 2.983319943981067261e-03
-1.833801615858094043e-03 1.597573393312256007e-01 -9.302011688442228575e-04 5.637920499623807211e-04 -1.826760430405101505e-03 1.226722823149322544e-03 -1.997301417084808468e-03 4.312982079164428412e-03 5.821814484663535676e-03 1.202905837578163370e-02 5.739372812150323085e-03 2.675368780080122477e-03 1.010834823005906215e-03 -1.204676636967691981e-04 -1.846915435281212955e-03 5.862274604124122906e-03 1.738436287516653385e-03 -1.491987030321745506e-03 3.238981906600093760e-03 5.629093711765952544e-03 3.653677433813648338e-03 9.248674088841200153e-03 -6.857186751854723802e-03 7.989795707894176494e-03 2.524914870124287357e-03 3.794152555156074611e-03 8.770348545927250314e-03 -2.193349363772285551e-03 -1.786114248229745674e-03 7.357217833683400189e-03 5.930070109066694004e-03 -4.491190086343826125e-03 -5.887110741148677238e-03 1.923800765068128728e-04 -9.988991451764989149e-03 5.804359063389719943e-03 -1.919447905840570862e-03 -9.529771138979603248e-03 3.764665235366794135e-03 1.037855627366194439e-03
-1.910718656177284652e-03 -9.302011688442228575e-04 1.579143350096402498e-01 -1.836017077259351595e-03 -4.376299860622150963e-03 -3.893520368930359927e-03 -1.472933584203871315e-03 3.171390121434887813e-03 -1.102847060239726777e-02 -1.961593036812833788e-03 -2.084199477942277889e-03 -1.878589196844140767e-03 4.347727564652824513e-03 5.842091901940175101e-03 -7.039986519524557736e-03 -3.267054101191025316e-03 -9.729460041513895508e-04 -2.298546533519942904e-03 9.565958457530840744e-03 -3.748692915318869827e-03 3.876024476779753748e-03 -4.501543473035564923e-03 2.450060483226099324e-03 2.608745038007952675e-03 -5.134899804267782641e-03 2.564510801204236950e-03 6.762854149672843131e-03 3.847590336536714853e-03 -3.611549050159221751e-03 2.436294230577784603e-04 2.746607482328762735e-03 8.451564214626697876e-04 -1.210278751795279854e-03 5.051129250199455460e-03 2.268286322753200034e-03 9.567382429299587559e-04 1.780894684311624607e-03 6.763269515647199991e-03 -3.157057386095508001e-03 -8.837021096613249110e-03
-4.395008309672440196e-03 5.637920499623807211e-04 -1.836017077259351595e-03 1.510648323051491382e-01 4.669689484673483076e-03 6.182679047956318556e-03 6.278726778364473668e-03 -4.750522646869257890e-03 4.696566104726059530e-03 2.340702945787150914e-03 -7.923271179668660985e-04 2.090016257460468839e-03 2.430915338328454734e-03 3.525895824142509256e-03 9.352993816732199650e-03 -4.378521580235488798e-03 -9.992079388077564073e-03 6.851744867410424628e-03 -1.229011776579142651e-02 6.309625999203164349e-04 3.486586146205152871e-03 -6.708731723806593550e-03 1.969879186890894588e-03 7.234618692256781364e-03 1.085149201189583590e-04 -7.358318383689301662e-03 -3.729579556757335341e-03 5.363784681497495502e-03 -5.386223910955101161e-03 -4.775130958533032612e-04 -2.793163511748373695e-03 -2.575868093672677292e-04 2.613346581188021218e-03 1.885444903008335216e-03 2.996656344004678795e-03 -2.912091487772442127e-03 8.138584678785758210e-04 1.078849380914338263e-03 -6.011203655333224004e-03 2.314276807430640671e-03
5.315391986168114223e-03 -1.826760430405101505e-03 -4.376299860622150963e-03 4.669689484673483076e-03 1.650538978048460004e-01 -1.436602832577282222e-03 -1.275645919315964881e-03 -1.044505174805408039e-03 -6.222827668250201921e-03 4.379163707569899526e-03 -4.829457638814887814e-03 -1.412574250311063751e-03 2.484399052620344262e-03 -4.525768901193862048e-03 5.291249301030694985e-04 3.782042918153574653e-03 -2.524473775283038023e-04 4.235383752438554722e-03 -2.877715626447552560e-04 -1.063542425117200776e-02 2.315184411617805891e-03 1.156184779662071914e-02 -2.742334051540579447e-03 -6.473511745029449961e-03 -1.529458952154461862e-03 -7.838168207556641537e-03 -1.381147248077462322e-03 4.673958835022895206e-03 -4.469484072909609904e-03 8.040933589849304924e-03 -3.000835347433752215e-03 3.585007900351262810e-04 -2.269400585395400100e-03 -6.747686778593463058e-04 -3.871666779039665846e-03 1.071233550506273460e-02 2.184087464241845733e-04 6.215591015468902979e-04 -4.220037610843322372e-03 4.665196057122678909e-03
-1.152800042862717547e-03 1.226722823149322544e-03 -3.893520368930359927e-03 6.182679047956318556e-03 -1.436602832577282222e-03 1.577454848367646767e-01 1.036440667084701124e-02 -5.934250830506619060e-04 -2.695761465626427683e-03 3.384049518074644467e-03 5.746839665924444174e-03 -3.000923582271969314e-03 3.812101533094820706e-04 8.396696808431895797e-04 6.424352651046636234e-03 -7.187267314223703268e-03 -1.260902574709145234e-03 -1.728319531488728108e-03 -4.687226878882844172e-03 -2.708901782496742419e-03 -3.627609882784314788e-03 8.070890300791888627e-03 1.026093034480318571e-02 2.632134033176441578e-03 1.327521462627067207e-03 -3.360762785565241540e-03 1.319306577322465783e-03 6.581295812108418734e-03 7.188456991580725701e-03 1.071922270558016074e-02 -1.358786485223174422e-03 -1.615551424970303315e-03 1.274077386695980337e-03 3.995990271088865268e-04 -4.366828171765571934e-03 -2.190776376267091451e-03 -9.575511012377167092e-03 8.396368447216554995e-03 -2.314140947287791732e-03 -2.087988158030453997e-03
6.554614345361310136e-03 -1.997301417084808468e-03 -1.472933584203871315e-03 6.278726778364473668e-03 -1.275645919315964881e-03 1.036440667084701124e-02 1.558339029614224103e-01 -1.976189009443031150e-03 -3.331936236246643528e-03 6.743594409235913710e-03 -9.202507149042646458e-04 -6.781844721222670541e-03 -3.429675386972041735e-03 -6.053014694192809797e-03 3.809711795962291868e-04 -2.621765352462044219e-03 -5.331557695562965521e-03 8.115009880472146215e-04 -2.756033167618925431e-03 -1.332894012836081422e-03 7.122916143587025052e-03 -2.291786466416229507e-03 1.604911534323543582e-02 3.996656691368862674e-03 3.037314523841237474e-03 -5.260432840813104687e-03 5.317256215637947191e-04 9.745894338441722735e-04 9.705227296809460120e-04 4.037264160145190989e-03 -6.456555460317231487e-03 7.095129800350705998e-04 4.570107909911910044e-03 -1.154856005087528817e-03 9.425983693552610065e-03 -8.900123367169436583e-03 -2.776154150286158813e-03 -2.060313280357657911e-03 -2.618619906231255384e-03 2.499641439509291303e-03
1.004193684585560735e-02 4.312982079164428412e-03 3.171390121434887813e-03 -4.750522646869257890e-03 -1.044505174805408039e-03 -5.934250830506619060e-04 -1.976189009443031150e-03 1.564291654595910963e-01 -4.894872004308894152e-03 6.033556965078895953e-03 5.787637271822891442e-03 7.300113875176429158e-03 9.614055495282431210e-03 -6.374489109223131084e-03 6.557732444252642630e-03 5.325120513933519033e-03 -9.354981535461503973e-04 -8.436676611469499975e-04 6.593196582188488994e-04 -4.112431687475794767e-03 -1.246073158976506974e-03 -5.417493120381081627e-03 1.124862255040568956e-02 -1.528847858871703420e-03 -2.302294594922449280e-03 -6.107176035057267603e-03 -4.731049916895537985e-03 7.249047630540420874e-03 -1.528995168505508815e-03 -5.696153609176650987e-04 2.496895553221146254e-03 4.488243589095500946e-03 -3.244778209758054921e-03 -5.236400767538706822e-05 6.160470533152342075e-03 6.294034529726541712e-03 -2.701871419919822225e-03 -8.597573934498583615e-04 -6.740855755611938060e-03 -9.777234328379569295e-03
3.374195289335679411e-04 5.821814484663535676e-03 -1.102847060239726777e-02 4.696566104726059530e-03 -6.222827668250201921e-03 -2.695761465626427683e-03 -3.331936236246643528e-03 -4.894872004308894152e-03 1.555339285403956329e-01 -3.765616019742352560e-03 -1.621036195372377742e-03 -4.334613480551430427e-03 -2.677653762341444636e-03 3.033564315596823727e-03 -6.398921390441312217e-03 1.018818805066432900e-03 1.282786304849452491e-03 -3.193389087352685885e-03 -6.756340816925494701e-03 9.795876259104382283e-03 -6.021899141509697885e-03 2.090090667696673302e-03 -1.046389723245919100e-03 1.894236710102499197e-04 9.470434731834103531e-03 -7.313173780230320309e-04 -4.518572303774860514e-03 -8.996868137175611027e-03 -1.317631964207083848e-03 5.021063928609331012e-03 5.057031877867694362e-03 2.326196226467649314e-03 1.494318498444133529e-03 -6.556071725776086052e-03 5.915737388778930829e-03 6.876580924808985661e-03 -8.956479317432064187e-04 -1.065203383546429496e-02 2.487817063367217963e-03 -4.209624340968861895e-04
-9.547816412342169075e-05 1.202905837578163370e-02 -1.961593036812833788e-03 2.340702945787150914e-03 4.379163707569899526e-03 3.384049518074644467e-03 6.743594409235913710e-03 6.033556965078895953e-03 -3.765616019742352560e-03 1.602605181554176139e-01 -5.267440059862830808e-03 6.444200048406189402e-03 8.859019033568755509e-04 -2.566516212503644912e-03 -5.341934075019419068e-03 2.406121721987526402e-03 -3.611819370113024917e-03 6.447972654556569268e-03 -2.656899378378023684e-04 -6.476553593470768533e-05 -7.561086609042810824e-04 3.651389512070017142e-03 2.016278064136298523e-03 -1.077938923768000795e-02 -3.328262585956682281e-03 -1.691416079669982864e-02 -6.754034074094520355e-03 3.434265977895956633e-03 9.915329788217987911e-03 4.214047631509130858e-03 -1.230098062634084116e-03 -3.339468355840096055e-03 -3.808326428714140042e-03 1.140616004414804485e-02 6.907968079030031225e-03 8.214411240123519614e-03 -9.765342630362395734e-03 -8.715212097593311863e-03 3.849856600769464149e-03 -3.910246726708175549e-04
-4.910921552649993711e-06 5.739372812150323085e-03 -2.084199477942277889e-03 -7.923271179668660985e-04 -4.829457638814887814e-03 5.746839665924444174e-03 -9.202507149042646458e-04 5.787637271822891442e-03 -1.621036195372377742e-03 -5.267440059862830808e-03 1.569279400326172025e-01 -1.279961711472854015e-02 -8.658729258149544918e-04 5.204527419407199533e-03 -3.209988338486863529e-03 2.440972967004230183e-03 5.510956445024484075e-04 -5.345468294651123733e-03 -9.130209882006801170e-03 9.428497917154965999e-04 -5.567311403905952222e-03 4.141290121646014170e-03 8.931263855763008682e-04 3.786899876441645642e-03 -8.724589107984770039e-04 -3.154323973823546217e-03 9.804861377077788050e-04 6.825338848433137352e-03 -1.791306119849299643e-04 -4.303457808398048270e-03 -3.323130378875752047e-03 2.842254096002684756e-03 9.255886748765800726e-03 1.529222406564725249e-03 -1.171628698233893526e-02 8.161777021465907445e-03 -2.461688096673673044e-03 7.654756485729178640e-03 -7.350787344420866946e-03 -3.831378691640123513e-03
7.067601903822218852e-04 2.675368780080122477e-03 -1.878589196844140767e-03 2.090016257460468839e-03 -1.412574250311063751e-03 -3.000923582271969314e-03 -6.781844721222670541e-03 7.300113875176429158e-03 -4.334613480551430427e-03 6.444200048406189402e-03 -1.279961711472854015e-02 1.502403829045046157e-01 -4.340061454565368945e-03 2.044223610717387212e-03 1.140549434374176635e-03 -5.018314058225867985e-04 -5.202139408549463079e-03 4.360095924276987008e-03 -1.195573213659279410e-03 -1.251737607150548316e-03 6.058463517888958323e-03 -4.167114330551234362e-03 7.652388547120790065e-03 -3.348257763569931558e-03 1.043244792853461819e-02 -1.247343596619141610e-03 -3.313935668475280396e-03 -3.211798901964875701e-03 -6.156909087942676051e-03 5.036516574415735026e-03 2.234898514015919158e-03 -7.797598522876592704e-04 -4.635012552260525491e-03 -5.692659221384851510e-03 2.353625850315178326e-03 -1.552777149584451356e-03 1.222946447435964076e-03 -2.392162707061565741e-03 3.014867601107357967e-03 -1.938847385041127290e-03
2.655395852955629368e-03 1.010834823005906215e-03 4.347727564652824513e-03 2.430915338328454734e-03 2.484399052620344262e-03 3.812101533094820706e-04 -3.429675386972041735e-03 9.614055495282431210e-03 -2.677653762341444636e-03 8.859019033568755509e-04 -8.658729258149544918e-04 -4.340061454565368945e-03 1.609825863541202995e-01 -1.935739533814695911e-03 4.762054495260194774e-03 -2.286024656071589632e-03 1.475939939304225269e-02 -6.970763309590070856e-04 -4.531903503094200300e-03 -7.928354479468629600e-04 2.153868710682585886e-03 3.430750643056019664e-03 4.156648772468265335e-03 -6.924779248708404396e-03 -2.664246608005832202e-03 -5.511625784038526842e-03 6.021394806312240725e-04 -1.010496648090570626e-03 -3.537175217229277576e-03 -8.003412007751344384e-03 -4.945028037462652522e-03 -8.620276633807542107e-04 9.194683135974404415e-04 -4.169790133851926546e-03 3.577162624334803958e-03 9.062174428891171807e-03 -3.507318484481239569e-03 -1.421246147347808141e-03 8.208839196535278450e-05 7.006186742233793492e-04
-2.204191133500734649e-03 -1.204676636967691981e-04 5.842091901940175101e-03 3.525895824142509256e-03 -4.525768901193862048e-03 8.396696808431895797e-04 -6.053014694192809797e-03 -6.374489109223131084e-03 3.033564315596823727e-03 -2.566516212503644912e-03 5.204527419407199533e-03 2.044223610717387212e-03 -1.935739533814695911e-03 1.597159682702747330e-01 -3.053497681971906966e-03 5.877916755505422503e-03 -1.146850605505849710e-03 1.098840431983776349e-04 6.080337534737407894e-03 -6.020934985376633942e-03 2.270287653593030131e-03 -2.887994155908636326e-03 8.198709469698277005e-03 3.318809348116692412e-03 -1.475245655324912203e-03 -8.470999582554305737e-05 4.994587712151049921e-03 5.654128582313880293e-04 -6.450725153250881638e-03 -1.201167559728026895e-03 3.051130024555167349e-03 -2.293979283207996794e-03 1.389575212234099100e-03 -2.970091587722249564e-03 -5.930055427575288592e-03 -4.506576816804898876e-03 1.912536716507479920e-03 4.223309223884069014e-03 6.420625793001061635e-03 1.284548358809850261e-03
-2.339425885128270169e-04 -1.846915435281212955e-03 -7.039986519524557736e-03 9.352993816732199650e-03 5.291249301030694985e-04 6.424352651046636234e-03 3.809711795962291868e-04 6.557732444252642630e-03 -6.398921390441312217e-03 -5.341934075019419068e-03 -3.209988338486863529e-03 1.140549434374176635e-03 4.762054495260194774e-03 -3.053497681971906966e-03 1.645410368135973023e-01 4.632921128972344871e-03 -2.105669841143629258e-03 3.785975162552930335e-03 5.370516211654874329e-05 -4.867316340062646557e-04 1.336857982459360283e-03 -1.060370222061452102e-02 -7.922455003534228588e-03 5.462200891418934716e-03 9.770202914973376979e-03 -4.592392203621334899e-03 3.400050446076048226e-04 -1.212146719596511948e-02 3.904858882435693402e-04 2.885049057081810406e-03 -8.857469021775826127e-04 3.509877998225368473e-03 -9.344120432643276920e-04 -7.504099208758459056e-04 4.641919491929187374e-04 -8.700697328223061869e-03 8.650139496220538016e-03 -1.893054878827131427e-03 -4.326531648674861001e-03 -4.503645188173032408e-03
-1.149380203007250092e-03 5.862274604124122906e-03 -3.267054101191025316e-03 -4.378521580235488798e-03 3.782042918153574653e-03 -7.187267314223703268e-03 -2.621765352462044219e-03 5.325120513933519033e-03 1.018818805066432900e-03 2.406121721987526402e-03 2.440972967004230183e-03 -5.018314058225867985e-04 -2.286024656071589632e-03 5.877916755505422503e-03 4.632921128972344871e-03 1.584533587406560251e-01 3.957545014437604571e-03 2.375032322388468797e-03 1.853578640328558446e-03 2.970276068441375498e-04 -1.247846811502023590e-02 -7.558454049568415385e-03 -3.200483338257873595e-03 -3.487029333888951640e-03 -5.871919172957829232e-03 -5.116428663826896352e-03 -6.913214324893768347e-04 2.083894691834183022e-03 2.232344640171782593e-03 -1.083416830076149766e-03 6.320851087973826193e-05 8.213204453580452702e-03 4.039570383580102174e-04 9.868273262422331150e-04 -6.372864415862372102e-03 7.915739506018605251e-03 4.204045750558947463e-03 -5.522900386955368647e-03 3.727141913764349455e-04 4.509599759073239364e-04
9.527464261354715025e-03 1.738436287516653385e-03 -9.729460041513895508e-04 -9.992079388077564073e-03 -2.524473775283038023e-04 -1.260902574709145234e-03 -5.331557695562965521e-03 -9.354981535461503973e-04 1.282786304849452491e-03 -3.611819370113024917e-03 5.510956445024484075e-04 -5.202139408549463079e-03 1.475939939304225269e-02 -1.146850605505849710e-03 -2.105669841143629258e-03 3.957545014437604571e-03 1.528355277089605835e-01 4.583603674506804473e-04 -9.548265562737166335e-04 9.801889471537838985e-04 -6.635458783667998878e-03 3.792536601799411516e-03 6.708056809209637233e-04 -5.018155962147017278e-03 7.530087465820090378e-03 -4.902488913101177986e-03 2.807032550007661914e-03 -8.816256338766922246e-03 -5.132239679758885710e-03 -1.091280571800751567e-02 -9.844772788231941421e-03 -1.325496776553307127e-03 7.239659557766306083e-03 -1.247537033010876536e-03 4.217878866865357700e-03 5.516883205339676022e-03 5.191217577028800316e-03 -6.140870236441431200e-03 1.595655578998777385e-02 -8.321930289875375392e-03
-3.629863249849648883e-03 -1.491987030321745506e-03 -2.298546533519942904e-03 6.851744867410424628e-03 4.235383752438554722e-03 -1.728319531488728108e-03 8.115009880472146215e-04 -8.436676611469499975e-04 -3.193389087352685885e-03 6.447972654556569268e-03 -5.345468294651123733e-03 4.360095924276987008e-03 -6.970763309590070856e-04 1.098840431983776349e-04 3.785975162552930335e-03 2.375032322388468797e-03 4.583603674506804473e-04 1.629169686744379453e-01 -4.606523499040291792e-04 2.497656690438661113e-03 -4.460436808686840497e-04 1.856952697564823868e-03 -4.009777104151757490e-03 -1.163061615335502126e-03 1.450734404725270406e-03 -4.538447159824498395e-03 -9.323532561339682029e-03 -4.135181921590676095e-03 4.329633081918018642e-03 2.787630423887955261e-03 -6.981134561749413429e-04 -8.697597644820622949e-04 9.963491211267576017e-04 -2.276358393926777076e-03 -1.853312515832306745e-03 -4.061972857770980612e-03 7.793877112412506657e-04 1.460844452714965894e-02 -7.103090473480682017e-03 4.502187831997598796e-03
-9.080383927748375550e-03 3.238981906600093760e-03 9.565958457530840744e-03 -1.229011776579142651e-02 -2.877715626447552560e-04 -4.687226878882844172e-03 -2.756033167618925431e-03 6.593196582188488994e-04 -6.756340816925494701e-03 -2.656899378378023684e-04 -9.130209882006801170e-03 -1.195573213659279410e-03 -4.531903503094200300e-03 6.080337534737407894e-03 5.370516211654874329e-05 1.853578640328558446e-03 -9.548265562737166335e-04 -4.606523499040291792e-04 1.548640429107716321e-01 -2.436317188520401023e-03 4.720359305325205583e-03 4.304929174892475376e-03 3.574681514070917904e-03 2.630750878297398627e-03 6.933836685319290328e-04 -9.941581006415593433e-03 -3.895175910198077351e-03 -8.967993440698421607e-04 -1.160080425667806003e-02 -5.707396205751738344e-04 9.056929384865474580e-03 9.411344658550021693e-06 -8.664303988565311143e-03 7.399761877415236312e-03 -7.492582215631131675e-04 -7.156227831263111544e-04 -8.336435196394046537e-03 -5.867569227871880649e-03 -8.304673397081284783e-03 -2.528403824704646401e-03
-8.620453714278169741e-03 5.629093711765952544e-03 -3.748692915318869827e-03 6.309625999203164349e-04 -1.063542425117200776e-02 -2.708901782496742419e-03 -1.332894012836081422e-03 -4.112431687475794767e-03 9.795876259104382283e-03 -6.476553593470768533e-05 9.428497917154965999e-04 -1.251737607150548316e-03 -7.928354479468629600e-04 -6.020934985376633942e-03 -4.867316340062646557e-04 2.970276068441375498e-04 9.801889471537838985e-04 2.497656690438661113e-03 -2.436317188520401023e-03 1.612097017572440560e-01 -6.820134777038048754e-03 2.778109821136133875e-03 1.050507595252732698e-02 -2.304160314538486378e-03 8.279764765383230973e-03 1.045477993680798403e-03 2.511346149716187602e-03 7.370491061486779058e-03 1.883947076380225027e-03 5.414542963608085982e-05 6.730880361846130165e-03 -4.462381029239356235e-03 1.290901017216459189e-02 6.026525200364574349e-03 -4.326689876895999597e-04 -1.579245543949672152e-03 -3.082351516708260915e-03 1.426874887090990793e-03 -2.323592271214573127e-03 -1.179192475444978006e-03
-3.478343111504989330e-03 3.653677433813648338e-03 3.876024476779753748e-03 3.486586146205152871e-03 2.315184411617805891e-03 -3.627609882784314788e-03 7.122916143587025052e-03 -1.246073158976506974e-03 -6.021899141509697885e-03 -7.561086609042810824e-04 -5.567311403905952222e-03 6.058463517888958323e-03 2.153868710682585886e-03 2.270287653593030131e-03 1.336857982459360283e-03 -1.247846811502023590e-02 -6.635458783667998878e-03 -4.460436808686840497e-04 4.720359305325205583e-03 -6.820134777038048754e-03 1.704423698054906011e-01 5.525151578592093788e-04 -5.631556324850317020e-03 2.727064200294812384e-03 1.015487956302247273e-03 6.594378855596703427e-03 -7.191398352863150045e-03 -6.908834497375190495e-03 2.901319719647599184e-03 -1.181069029030070317e-03 -5.528675873046346410e-03 1.267085646571146709e-03 -6.247692459575796692e-03 -7.307267973465856638e-03 7.173775002422001258e-03 -2.262447253921385983e-03 5.353364778662951171e-03 -6.069965826386715217e-03 3.776992493065416904e-03 -4.959470641878432895e-03
8.409294536300999587e-03 9.248674088841200153e-03 -4.501543473035564923e-03 -6.708731723806593550e-03 1.156184779662071914e-02 8.070890300791888627e-03 -2.291786466416229507e-03 -5.417493120381081627e-03 2.090090667696673302e-03 3.651389512070017142e-03 4.141290121646014170e-03 -4.167114330551234362e-03 3.430750643056019664e-03 -2.887994155908636326e-03 -1.060370222061452102e-02 -7.558454049568415385e-03 3.792536601799411516e-03 1.856952697564823868e-03 4.304929174892475376e-03 2.778109821136133875e-03 5.525151578592093788e-04 1.557557509030446374e-01 2.699215258037998555e-03 8.558397326509794385e-04 4.321427297493258407e-03 -8.661152233697103422e-03 7.643271344627339779e-03 8.701304850249669265e-03 -5.071853821208192024e-03 -6.329037013734962851e-03 -3.333459133044165083e-03 -9.444163285234235747e-03 8.360211361110488071e-03 -1.826961318210525414e-03 -3.688482463655436399e-03 6.406408586667598770e-03 1.759785372258133212e-03 8.643408219528841280e-03 -5.037354188496324416e-03 1.208521115408937776e-03
1.593184578384988217e-03 -6.857186751854723802e-03 2.450060483226099324e-03 1.969879186890894588e-03 -2.742334051540579447e-03 1.026093034480318571e-02 1.604911534323543582e-02 1.124862255040568956e-02 -1.046389723245919100e-03 2.016278064136298523e-03 8.931263855763008682e-04 7.652388547120790065e-03 4.156648772468265335e-03 8.198709469698277005e-03 -7.922455003534228588e-03 -3.200483338257873595e-03 6.708056809209637233e-04 -4.009777104151757490e-03 3.574681514070917904e-03 1.050507595252732698e-02 -5.631556324850317020e-03 2.699215258037998555e-03 1.527221611491437203e-01 1.097666116286787888e-03 9.585759184309519806e-04 -8.177461005796885993e-03 6.394246974397187200e-03 -6.421039261895156137e-05 -2.817584953816373687e-03 -3.754441873941061301e-03 5.403976319830709881e-04 6.480485958000286976e-04 3.376006066600864552e-03 6.071571922385381181e-03 1.407588860252301016e-03 1.947552722020445565e-03 2.887995030365979668e-03 -8.137488035432815711e-05 -5.936928661762066323e-03 1.357404716551289321e-04
-6.346450308196202941e-03 7.989795707894176494e-03 2.608745038007952675e-03 7.234618692256781364e-03 -6.473511745029449961e-03 2.632134033176441578e-03 3.996656691368862674e-03 -1.528847858871703420e-03 1.894236710102499197e-04 -1.077938923768000795e-02 3.786899876441645642e-03 -3.348257763569931558e-03 -6.924779248708404396e-03 3.318809348116692412e-03 5.462200891418934716e-03 -3.487029333888951640e-03 -5.018155962147017278e-03 -1.163061615335502126e-03 2.630750878297398627e-03 -2.304160314538486378e-03 2.727064200294812384e-03 8.558397326509794385e-04 1.097666116286787888e-03 1.741231658667912185e-01 8.359379064157040256e-04 3.498487616625086706e-03 6.666358247413082909e-03 5.456098788174019477e-03 1.739850135262906812e-03 -5.456977837259769336e-03 7.192768731546858238e-03 5.022887421146125103e-03 -1.012888315055776242e-02 -1.489181783805335697e-04 1.620886152738365560e-04 2.991904989066378803e-03 7.435939237734580202e-03 4.144743438246239857e-03 -5.609040463549835702e-03 -5.421562864439097990e-03
5.608237486545254030e-03 2.524914870124287357e-03 -5.134899804267782641e-03 1.085149201189583590e-04 -1.529458952154461862e-03 1.327521462627067207e-03 3.037314523841237474e-03 -2.302294594922449280e-03 9.470434731834103531e-03 -3.328262585956682281e-03 -8.724589107984770039e-04 1.043244792853461819e-02 -2.664246608005832202e-03 -1.475245655324912203e-03 9.770202914973376979e-03 -5.871919172957829232e-03 7.530087465820090378e-03 1.450734404725270406e-03 6.933836685319290328e-04 8.279764765383230973e-03 1.015487956302247273e-03 4.321427297493258407e-03 9.585759184309519806e-04 8.359379064157040256e-04 1.669318337869992175e-01 4.543562886249095066e-03 8.947989024105673997e-03 -2.990720165805588106e-03 -2.010623978019683480e-03 3.722170715403510643e-03 -1.164718768464548774e-04 -2.171817147424765036e-03 -2.291286326354988623e-03 3.539931186117483905e-03 -2.505921504493413988e-03 -6.824562791326185297e-03 1.457978056115098731e-02 -3.081509849558650063e-04 2.198776776261247498e-03 5.036802046798259658e-03
4.145311360821395813e-03 3.794152555156074611e-03 2.564510801204236950e-03 -7.358318383689301662e-03 -7.838168207556641537e-03 -3.360762785565241540e-03 -5.260432840813104687e-03 -6.107176035057267603e-03 -7.313173780230320309e-04 -1.691416079669982864e-02 -3.154323973823546217e-03 -1.247343596619141610e-03 -5.511625784038526842e-03 -8.470999582554305737e-05 -4.592392203621334899e-03 -5.116428663826896352e-03 -4.902488913101177986e-03 -4.538447159824498395e-03 -9.941581006415593433e-03 1.045477993680798403e-03 6.594378855596703427e-03 -8.661152233697103422e-03 -8.177461005796885993e-03 3.498487616625086706e-03 4.543562886249095066e-03 1.730159930509294619e-01 -1.940737718449413347e-03 -6.091485826786727838e-04 -8.300703351738945249e-04 -2.192065476886620456e-03 1.999436183684437287e-03 -2.381796398545704511e-03 5.751450232031581414e-03 2.184824295455753320e-03 -6.733821060311606698e-04 7.710216339645481649e-04 -1.195813307369196065e-03 1.794289371287179080e-03 1.048302291795494799e-02 5.512185131021098659e-03
-1.402607866739102307e-03 8.770348545927250314e-03 6.762854149672843131e-03 -3.729579556757335341e-03 -1.381147248077462322e-03 1.319306577322465783e-03 5.317256215637947191e-04 -4.731049916895537985e-03 -4.518572303774860514e-03 -6.754034074094520355e-03 9.804861377077788050e-04 -3.313935668475280396e-03 6.021394806312240725e-04 4.994587712151049921e-03 3.400050446076048226e-04 -6.913214324893768347e-04 2.807032550007661914e-03 -9.323532561339682029e-03 -3.895175910198077351e-03 2.511346149716187602e-03 -7.191398352863150045e-03 7.643271344627339779e-03 6.394246974397187200e-03 6.666358247413082909e-03 8.947989024105673997e-03 -1.940737718449413347e-03 1.655453427856296011e-01 -4.475104353810517924e-03 4.394441810383078692e-04 -7.569542898378299987e-03 -4.447934368826981177e-04 4.709432611213985181e-03 5.147309900095757562e-03 -1.190015350570345536e-03 -6.027952801622715739e-03 -6.553368039003070258e-03 4.660407551095085456e-03 6.981018002618017207e-03 -3.035402594656400041e-05 7.000141268422405486e-03
-4.917200805847162480e-03 -2.193349363772285551e-03 3.847590336536714853e-03 5.363784681497495502e-03 4.673958835022895206e-03 6.581295812108418734e-03 9.745894338441722735e-04 7.249047630540420874e-03 -8.996868137175611027e-03 3.434265977895956633e-03 6.825338848433137352e-03 -3.211798901964875701e-03 -1.010496648090570626e-03 5.654128582313880293e-04 -1.212146719596511948e-02 2.083894691834183022e-03 -8.816256338766922246e-03 -4.135181921590676095e-03 -8.967993440698421607e-04 7.370491061486779058e-03 -6.908834497375190495e-03 8.701304850249669265e-03 -6.421039261895156137e-05 5.456098788174019477e-03 -2.990720165805588106e-03 -6.091485826786727838e-04 -4.475104353810517924e-03 1.586800214025322897e-01 -1.946111163127017037e-03 -1.562569909151649344e-03 -4.896790018488121447e-03 5.941365211478617271e-03 -7.401130871640255321e-03 1.068927632457131053e-03 -3.087837804879114707e-03 3.031837383947425836e-03 6.706167116962311221e-03 5.452876466789964918e-03 3.572506563369889400e-03 -1.186689688518676204e-03
-9.811615844243681134e-03 -1.786114248229745674e-03 -3.611549050159221751e-03 -5.386223910955101161e-03 -4.469484072909609904e-03 7.188456991580725701e-03 9.705227296809460120e-04 -1.528995168505508815e-03 -1.317631964207083848e-03 9.915329788217987911e-03 -1.791306119849299643e-04 -6.156909087942676051e-03 -3.537175217229277576e-03 -6.450725153250881638e-03 3.904858882435693402e-04 2.232344640171782593e-03 -5.132239679758885710e-03 4.329633081918018642e-03 -1.160080425667806003e-02 1.883947076380225027e-03 2.901319719647599184e-03 -5.071853821208192024e-03 -2.817584953816373687e-03 1.739850135262906812e-03 -2.010623978019683480e-03 -8.300703351738945249e-04 4.394441810383078692e-04 -1.946111163127017037e-03 1.615148869815372923e-01 -1.479590768643437989e-04 3.341382065343963693e-03 4.311526121595052156e-03 -2.969661318783331939e-03 -5.319863202380419043e-03 1.727548956975507276e-03 -1.592474524107378956e-05 -3.042829817395377445e-03 1.730834255976615010e-03 -1.811783505587931734e-03 -1.190181913826388396e-02
-2.186139008444603227e-03 7.357217833683400189e-03 2.436294230577784603e-04 -4.775130958533032612e-04 8.040933589849304924e-03 1.071922270558016074e-02 4.037264160145190989e-03 -5.696153609176650987e-04 5.021063928609331012e-03 4.214047631509130858e-03 -4.303457808398048270e-03 5.036516574415735026e-03 -8.003412007751344384e-03 -1.201167559728026895e-03 2.885049057081810406e-03 -1.083416830076149766e-03 -1.091280571800751567e-02 2.787630423887955261e-03 -5.707396205751738344e-04 5.414542963608085982e-05 -1.181069029030070317e-03 -6.329037013734962851e-03 -3.754441873941061301e-03 -5.456977837259769336e-03 3.722170715403510643e-03 -2.192065476886620456e-03 -7.569542898378299987e-03 -1.562569909151649344e-03 -1.479590768643437989e-04 1.644690274162271537e-01 3.878852563197589167e-03 -8.829676919033862745e-03 1.327997520521713654e-03 -6.873832616310087892e-03 3.647310213431949593e-03 4.135110176195793200e-03 -2.761293539532382914e-03 -3.386262472623787455e-03 -4.832171641652699412e-03 -1.342147471838942181e-03
-3.482030306570032922e-03 5.930070109066694004e-03 2.746607482328762735e-03 -2.793163511748373695e-03 -3.000835347433752215e-03 -1.358786485223174422e-03 -6.456555460317231487e-03 2.496895553221146254e-03 5.057031877867694362e-03 -1.230098062634084116e-03 -3.323130378875752047e-03 2.234898514015919158e-03 -4.945028037462652522e-03 3.051130024555167349e-03 -8.857469021775826127e-04 6.320851087973826193e-05 -9.844772788231941421e-03 -6.981134561749413429e-04 9.056929384865474580e-03 6.730880361846130165e-03 -5.528675873046346410e-03 -3.333459133044165083e-03 5.403976319830709881e-04 7.192768731546858238e-03 -1.164718768464548774e-04 1.999436183684437287e-03 -4.447934368826981177e-04 -4.896790018488121447e-03 3.341382065343963693e-03 3.878852563197589167e-03 1.589356030097393291e-01 -5.582881715054044229e-03 -7.883685327388891472e-04 2.321246104688128725e-03 3.919622275362034600e-03 -7.662678974180701409e-04 8.230524348451369668e-03 3.438118871782739304e-03 -6.772880868731696175e-03 2.370719108525085918e-03
-4.260903369116105649e-03 -4.491190086343826125e-03 8.451564214626697876e-04 -2.575868093672677292e-04 3.585007900351262810e-04 -1.615551424970303315e-03 7.095129800350705998e-04 4.488243589095500946e-03 2.326196226467649314e-03 -3.339468355840096055e-03 2.842254096002684756e-03 -7.797598522876592704e-04 -8.620276633807542107e-04 -2.293979283207996794e-03 3.509877998225368473e-03 8.213204453580452702e-03 -1.325496776553307127e-03 -8.697597644820622949e-04 9.411344658550021693e-06 -4.462381029239356235e-03 1.267085646571146709e-03 -9.444163285234235747e-03 6.480485958000286976e-04 5.022887421146125103e-03 -2.171817147424765036e-03 -2.381796398545704511e-03 4.709432611213985181e-03 5.941365211478617271e-03 4.311526121595052156e-03 -8.829676919033862745e-03 -5.582881715054044229e-03 1.503629072541246559e-01 4.202819095447169265e-03 -4.745095845124989152e-04 -5.470856701016327088e-03 -5.218496482425964179e-03 -1.312314496327275041e-03 -1.303427433012842827e-02 -5.244474315305975611e-03 7.538331286369475337e-04
7.821768568083585157e-03 -5.887110741148677238e-03 -1.210278751795279854e-03 2.613346581188021218e-03 -2.269400585395400100e-03 1.274077386695980337e-03 4.570107909911910044e-03 -3.244778209758054921e-03 1.494318498444133529e-03 -3.808326428714140042e-03 9.255886748765800726e-03 -4.635012552260525491e-03 9.194683135974404415e-04 1.389575212234099100e-03 -9.344120432643276920e-04 4.039570383580102174e-04 7.239659557766306083e-03 9.963491211267576017e-04 -8.664303988565311143e-03 1.290901017216459189e-02 -6.247692459575796692e-03 8.360211361110488071e-03 3.376006066600864552e-03 -1.012888315055776242e-02 -2.291286326354988623e-03 5.751450232031581414e-03 5.147309900095757562e-03 -7.401130871640255321e-03 -2.969661318783331939e-03 1.327997520521713654e-03 -7.883685327388891472e-04 4.202819095447169265e-03 1.536611269346074560e-01 -8.227999724295385550e-03 -1.448476577288885288e-03 -3.063049582703608435e-03 -5.163757937048283307e-03 2.039015444672494497e-03 -8.440620661680919498e-03 3.173966101100690173e-03
-6.753571735107349872e-03 1.923800765068128728e-04 5.051129250199455460e-03 1.885444903008335216e-03 -6.747686778593463058e-04 3.995990271088865268e-04 -1.154856005087528817e-03 -5.236400767538706822e-05 -6.556071725776086052e-03 1.140616004414804485e-02 1.529222406564725249e-03 -5.692659221384851510e-03 -4.169790133851926546e-03 -2.970091587722249564e-03 -7.504099208758459056e-04 9.868273262422331150e-04 -1.247537033010876536e-03 -2.276358393926777076e-03 7.399761877415236312e-03 6.026525200364574349e-03 -7.307267973465856638e-03 -1.826961318210525414e-03 6.071571922385381181e-03 -1.489181783805335697e-04 3.539931186117483905e-03 2.184824295455753320e-03 -1.190015350570345536e-03 1.068927632457131053e-03 -5.319863202380419043e-03 -6.873832616310087892e-03 2.321246104688128725e-03 -4.745095845124989152e-04 -8.227999724295385550e-03 1.685097394163160289e-01 2.580497256916608820e-03 -3.115591662537990202e-03 -9.069020241861245777e-04 3.532461847111480115e-03 5.642722937619707758e-03 -7.060662795130830637e-03
-1.867639601207237354e-03 -9.988991451764989149e-03 2.268286322753200034e-03 2.996656344004678795e-03 -3.871666779039665846e-03 -4.366828171765571934e-03 9.425983693552610065e-03 6.160470533152342075e-03 5.915737388778930829e-03 6.907968079030031225e-03 -1.171628698233893526e-02 2.353625850315178326e-03 3.577162624334803958e-03 -5.930055427575288592e-03 4.641919491929187374e-04 -6.372864415862372102e-03 4.217878866865357700e-03 -1.853312515832306745e-03 -7.492582215631131675e-04 -4.326689876895999597e-04 7.173775002422001258e-03 -3.688482463655436399e-03 1.407588860252301016e-03 1.620886152738365560e-04 -2.505921504493413988e-03 -6.733821060311606698e-04 -6.027952801622715739e-03 -3.087837804879114707e-03 1.727548956975507276e-03 3.647310213431949593e-03 3.919622275362034600e-03 -5.470856701016327088e-03 -1.448476577288885288e-03 2.580497256916608820e-03 1.606575475848011636e-01 -4.925477777146229467e-03 -7.729451003166191297e-03 -2.401746441037219074e-03 -4.106904385977587653e-04 2.435446601328181658e-03
1.714113267392641197e-03 5.804359063389719943e-03 9.567382429299587559e-04 -2.912091487772442127e-03 1.071233550506273460e-02 -2.190776376267091451e-03 -8.900123367169436583e-03 6.294034529726541712e-03 6.876580924808985661e-03 8.214411240123519614e-03 8.161777021465907445e-03 -1.552777149584451356e-03 9.062174428891171807e-03 -4.506576816804898876e-03 -8.700697328223061869e-03 7.915739506018605251e-03 5.516883205339676022e-03 -4.061972857770980612e-03 -7.156227831263111544e-04 -1.579245543949672152e-03 -2.262447253921385983e-03 6.406408586667598770e-03 1.947552722020445565e-03 2.991904989066378803e-03 -6.824562791326185297e-03 7.710216339645481649e-04 -6.553368039003070258e-03 3.031837383947425836e-03 -1.592474524107378956e-05 4.135110176195793200e-03 -7.662678974180701409e-04 -5.218496482425964179e-03 -3.063049582703608435e-03 -3.115591662537990202e-03 -4.925477777146229467e-03 1.760330875533780426e-01 5.489011637859985120e-04 -1.429451232207927785e-03 1.099269857838533655e-02 5.145470274247195344e-03
2.805242391757483116e-03 -1.919447905840570862e-03 1.780894684311624607e-03 8.138584678785758210e-04 2.184087464241845733e-04 -9.575511012377167092e-03 -2.776154150286158813e-03 -2.701871419919822225e-03 -8.956479317432064187e-04 -9.765342630362395734e-03 -2.461688096673673044e-03 1.222946447435964076e-03 -3.507318484481239569e-03 1.912536716507479920e-03 8.650139496220538016e-03 4.204045750558947463e-03 5.191217577028800316e-03 7.793877112412506657e-04 -8.336435196394046537e-03 -3.082351516708260915e-03 5.353364778662951171e-03 1.759785372258133212e-03 2.887995030365979668e-03 7.435939237734580202e-03 1.457978056115098731e-02 -1.195813307369196065e-03 4.660407551095085456e-03 6.706167116962311221e-03 -3.042829817395377445e-03 -2.761293539532382914e-03 8.230524348451369668e-03 -1.312314496327275041e-03 -5.163757937048283307e-03 -9.069020241861245777e-04 -7.729451003166191297e-03 5.489011637859985120e-04 1.548167904315435051e-01 -1.529325038682433774e-03 2.845307665510571175e-03 6.861137071201513227e-03
6.911430342526225790e-03 -9.529771138979603248e-03 6.763269515647199991e-03 1.078849380914338263e-03 6.215591015468902979e-04 8.396368447216554995e-03 -2.060313280357657911e-03 -8.597573934498583615e-04 -1.065203383546429496e-02 -8.715212097593311863e-03 7.654756485729178640e-03 -2.392162707061565741e-03 -1.421246147347808141e-03 4.223309223884069014e-03 -1.893054878827131427e-03 -5.522900386955368647e-03 -6.140870236441431200e-03 1.460844452714965894e-02 -5.867569227871880649e-03 1.426874887090990793e-03 -6.069965826386715217e-03 8.643408219528841280e-03 -8.137488035432815711e-05 4.144743438246239857e-03 -3.081509849558650063e-04 1.794289371287179080e-03 6.981018002618017207e-03 5.452876466789964918e-03 1.730834255976615010e-03 -3.386262472623787455e-03 3.438118871782739304e-03 -1.303427433012842827e-02 2.039015444672494497e-03 3.532461847111480115e-03 -2.401746441037219074e-03 -1.429451232207927785e-03 -1.529325038682433774e-03 1.500311834807595834e-01 -2.512331679417725231e-03 1.298117955024891308e-03
2.528614098202675801e-03 3.764665235366794135e-03 -3.157057386095508001e-03 -6.011203655333224004e-03 -4.220037610843322372e-03 -2.314140947287791732e-03 -2.618619906231255384e-03 -6.740855755611938060e-03 2.487817063367217963e-03 3.849856600769464149e-03 -7.350787344420866946e-03 3.014867601107357967e-03 8.208839196535278450e-05 6.420625793001061635e-03 -4.326531648674861001e-03 3.727141913764349455e-04 1.595655578998777385e-02 -7.103090473480682017e-03 -8.304673397081284783e-03 -2.323592271214573127e-03 3.776992493065416904e-03 -5.037354188496324416e-03 -5.936928661762066323e-03 -5.609040463549835702e-03 2.198776776261247498e-03 1.048302291795494799e-02 -3.035402594656400041e-05 3.572506563369889400e-03 -1.811783505587931734e-03 -4.832171641652699412e-03 -6.772880868731696175e-03 -5.244474315305975611e-03 -8.440620661680919498e-03 5.642722937619707758e-03 -4.106904385977587653e-04 1.099269857838533655e-02 2.845307665510571175e-03 -2.512331679417725231e-03 1.680718926701158522e-01 -3.140949347733083732e-03
