1.657273155822155952e-01 -9.921814503532839277e-04 -3.883420466825281830e-03 1.324864796343603116e-02 1.045239390269676492e-03 9.402036934950884191e-04 2.689097623940110617e-03 6.563948416796579893e-03 3.201802140270747828e-03 -4.177373601164258848e-03 -1.858995709839933799e-03 -5.924638474544938367e-03 -3.339779159536798020e-03 3.908695802779004955e-03 -3.596622726161372192e-03 -1.727745708743801210e-03 7.279593888327229919e-04 -3.047624205678407545e-03 -8.915213136714389116e-04 -2.048754660022266295e-03 5.777109365105463981e-03 -1.063905795951561144e-02 3.847135916200119903e-03 6.548547312335754964e-04 6.501456717440509854e-03 3.260330324428948635e-03 -2.367787927183790785e-03 3.730690012094099207e-03 1.825178026198569572e-03 -3.954572076568931699e-03 3.849150917908293612e-03 -1.270349129776401475e-03 5.913073960171836597e-03 -4.074542158766947540e-05 -2.073085143966647099e-04 -1.527301511803968569e-03 6.034160260305481381e-03 1.255207585438806528e-03 3.370104407437026460e-03 2.707301872774641252e-03
-9.921814503532839277e-04 1.619067680303254708e-01 5.343958806844370611e-04 5.798862616562439239e-04 -5.991733118528225384e-03 9.068059158593284831e-04 8.568326361629281449e-03 8.298022156199991585e-05 -2.297110401408877702e-03 -1.176646727045006606e-03 9.490997826952710234e-04 1.294695589383106126e-03 -8.166429270938418625e-03 1.759945239915089487e-03 6.480899515420663649e-03 4.216760840074868129e-03 1.619299498911005650e-03 -4.124697717010560385e-03 2.206650655510395201e-03 2.405512904277576705e-03 -4.347204825084088095e-04 3.108843184167968767e-04 8.619821350903099713e-03 2.961865223867250416e-03 -3.970027803444184551e-03 -2.180215456948158236e-03 3.029509859227807068e-03 -9.059597276180344182e-04 -1.177731809328347182e-03 4.417953475759996140e-03 2.938405918067257903e-03 7.030437503328412806e-05 -2.461559011955166774e-03 6.609433919189513194e-03 2.286170073664902432e-03 4.717706655423233378e-03 1.671061049655262485e-03 -9.415119059199485163e-03 -2.756613978363255200e-03 6.475288142543126658e-03
-3.883420466825281830e-03 5.343958806844370611e-04 1.695161382389853699e-01 -1.877186958616727753e-03 3.261110805394568535e-03 -8.713315319899514770e-04 5.808767313801881452e-03 2.557557038200479471e-03 8.813171907254290643e-03 3.071305592306341429e-03 -9.193532434317979937e-03 5.955993591762551859e-03 9.442625169403907198e-03 4.761344973538413766e-03 1.410888973882885476e-03 9.179124969016471921e-05 -6.275898488138271364e-03 -4.420028203655684655e-03 6.271418058559485452e-05 2.837665527416055448e-04 6.461427276296389036e-03 2.621368483684227875e-03 -9.823995874660962878e-04 -5.024928314559505300e-04 1.260565322625285594e-03 5.677713202767288234e-03 6.566764880848443772e-03 -4.423752249672739494e-03 -5.854178022657663752e-03 6.033355517213108074e-03 2.252512680661452032e-03 -2.164797304628388042e-03 -2.053487015162974282e-03 -9.759901215759160184e-03 -4.195043283858093143e-03 -7.318082126306406582e-04 1.191621710626247430e-03 -5.156209164008952392e-03 -9.331752205094532085e-03 2.003679748815470965e-03
1.324864796343603116e-02 5.798862616562439239e-04 -1.877186958616727753e-03 1.591495924164754161e-01 2.794800685483203682e-03 4.796794531987643231e-03 -5.052188709952746756e-03 -6.232623224384181010e-03 6.010574529321578187e-03 5.401363990778900934e-03 -3.856636482985486333e-03 3.075859126669874908e-03 7.434389532016196303e-03 5.357571728338602311e-03 -2.956887596024055254e-03 2.086801479010132881e-03 4.185641323931434989e-03 6.266594219829389398e-03 1.012116560635646992e-02 -1.000314510597016468e-03 -2.802096708542822084e-03 4.971208072921204195e-03 4.212373879516792888e-03 3.688190998198621461e-03 2.803851511806708125e-03 -2.131780628118553483e-03 -5.557215918503237775e-03 4.221762138481061251e-03 -2.555067688465160157e-03 -9.770619952613199613e-03 4.786916227937426313e-03 -1.870561296449675377e-04 -5.123681660799438761e-04 -2.035809939364943873e-03 5.051967271479996559e-03 -2.494106086743809025e-03 -6.761443037260715140e-03 7.128695371323874423e-03 -6.398480695620309411e-03 5.555938379551045823e-03
1.045239390269676492e-03 -5.991733118528225384e-03 3.261110805394568535e-03 2.794800685483203682e-03 1.511568114469019619e-01 -1.086344799798650770e-02 5.116560071808299789e-03 -5.000111801258351127e-03 4.073227027769890998e-03 -1.350194481631855799e-03 1.148873688479561291e-02 -9.850755987395585535e-04 -7.398779206809089244e-03 -3.030544137672117229e-03 4.709965991071750693e-03 1.892998025205786580e-03 1.306539711753298017e-03 -4.938832761316698690e-03 -1.121032306195841600e-04 -1.502775737080535147e-04 -3.564952522271260882e-04 1.222502640046534529e-03 1.981090636487557125e-03 -3.863977427233804968e-03 6.972372443848210040e-03 3.896432419369778941e-03 4.127620200277845960e-05 1.590768781315246875e-03 -9.179485013462579390e-03 3.266781683389603438e-03 -9.438329711641671449e-03 2.939164938542733084e-04 3.071687272443411609e-03 6.040488253933374869e-04 7.069774803586522868e-03 -7.432206922476724577e-03 -2.220484929239348228e-03 1.854094002682940003e-04 7.301827681047868429e-05 3.228539803268688432e-03
9.402036934950884191e-04 9.068059158593284831e-04 -8.713315319899514770e-04 4.796794531987643231e-03 -1.086344799798650770e-02 1.563283667851518843e-01 -5.455243387526415716e-03 -2.773387240662238389e-03 -2.820440450818852748e-03 5.084878420910619867e-03 -6.147343848774241204e-04 -1.111120252710267459e-02 -2.267286724343845622e-03 1.107121478283825278e-03 -1.337755996802565163e-02 5.824762980493578294e-04 -3.384237772355982565e-03 5.680844230383046839e-03 -2.496785379931100966e-03 1.080639527646938547e-02 -3.938567404266288437e-03 -1.855767382611731931e-03 2.547659403237401664e-03 -3.567790265949962944e-03 -2.099893900798406599e-03 -1.756966653435041478e-04 1.475641802850663313e-03 4.229952728478483305e-04 -5.635928211939574516e-03 -1.515633628497296478e-03 -3.418112868442578327e-03 -3.171509000609094679e-03 -5.260857776961980724e-03 2.889305669750567504e-03 -6.250510570072666944e-03 1.030251303707427736e-03 5.687942855749228074e-03 4.084131168280825432e-03 7.369457660635359182e-03 6.237543097180129736e-04
2.689097623940110617e-03 8.568326361629281449e-03 5.808767313801881452e-03 -5.052188709952746756e-03 5.116560071808299789e-03 -5.455243387526415716e-03 1.741169381904821567e-01 -5.852188053659228457e-03 1.878881394439803733e-03 4.216004029685495140e-03 2.457262603334639181e-03 6.206683666529054120e-04 -1.202325570558202689e-02 6.747081236109913997e-03 5.556933368019425709e-03 -8.342895430043057933e-03 3.848116788466997805e-03 -2.824547782520145638e-03 -8.239076972446841493e-03 -5.470356208621517634e-03 -8.455155548737379109e-04 1.406825343334509046e-03 2.252967510347235209e-03 7.524860946327724051e-03 -5.337082407148471125e-03 3.584629385200721889e-04 -1.031871500863992992e-02 5.123023932213260564e-03 2.522400857339065789e-03 1.699271393773231064e-03 -1.789480709796600812e-03 3.764655647913455524e-03 -8.193849441079717466e-03 5.912193992134519120e-03 7.410470889264024995e-03 1.997466015288716732e-03 2.761472556451411917e-03 -3.846406796847715113e-03 5.322081080777028503e-03 -8.325192093159836972e-04
6.563948416796579893e-03 8.298022156199991585e-05 2.557557038200479471e-03 -6.232623224384181010e-03 -5.000111801258351127e-03 -2.773387240662238389e-03 -5.852188053659228457e-03 1.535156958804166083e-01 3.663503842179961865e-03 -1.303751903088944467e-03 4.748139312560788520e-04 4.268356246348260427e-03 3.366083056117331451e-03 -1.022672749507011654e-03 -3.563007242078806091e-04 8.823155905225928131e-03 2.800802993425572512e-03 -2.052829386341451390e-03 4.055820074045632384e-03 -3.981632469191259335e-03 -2.362638920915506255e-04 -1.124125816939567334e-02 -5.142571527435723863e-03 -3.565681613010437782e-03 -1.839193635825946615e-03 -3.819874856773174555e-03 6.723993844075406949e-03 1.141661943306906306e-03 -8.845707134560752694e-03 -4.419937152808208446e-03 7.438087598149150780e-04 3.454544861736392677e-03 -1.145024159885210885e-03 1.088151522967775384e-02 -1.107841969761093510e-03 -4.431721197429019758e-03 -2.119488564960512935e-03 -6.614073444819116264e-03 2.502129112330328704e-03 1.529408337387047016e-03
3.201802140270747828e-03 -2.297110401408877702e-03 8.813171907254290643e-03 6.010574529321578187e-03 4.073227027769890998e-03 -2.820440450818852748e-03 1.878881394439803733e-03 3.663503842179961865e-03 1.651720020166481118e-01 6.551808915296271395e-04 -4.389415816403961605e-03 5.311672081757952109e-04 1.241737010465245039e-02 6.731405742033347295e-03 -2.778860682438514737e-03 -1.085315551572884826e-02 2.246101606533946245e-03 1.734438511455422757e-03 1.173575001030468948e-03 -5.830463494948449552e-03 3.141403994458779290e-03 1.143164218412483397e-02 -1.826064049065001673e-05 -2.199581820995293274e-04 9.132497252952262055e-04 -1.018372995760915591e-03 1.004781985913798248e-02 1.701905451972848989e-03 1.031017499307863893e-03 -2.705013826143634875e-03 -6.274261610251010042e-03 -3.617771408774329584e-03 -1.167904116416646279e-03 2.573272309376903690e-04 1.689697316010744686e-03 -8.825377606899193362e-04 1.595196445640931823e-03 1.798170822198905290e-03 -1.079924847016698608e-02 -4.615852859819570726e-03
-4.177373601164258848e-03 -1.176646727045006606e-03 3.071305592306341429e-03 5.401363990778900934e-03 -1.350194481631855799e-03 5.084878420910619867e-03 4.216004029685495140e-03 -1.303751903088944467e-03 6.551808915296271395e-04 1.614301690065148287e-01 3.790823279650422633e-03 -5.030078692882545936e-03 2.929012554565572652e-03 1.937508823244688460e-03 -1.640693510635178327e-04 -8.705078777997995662e-03 7.414343999077463443e-03 -6.105765846858444458e-03 -2.316445061718939297e-04 -8.048619000953128114e-03 -4.059615906078235803e-03 3.594579688350179030e-03 -7.277672157917780202e-03 1.865816020384299893e-03 1.829381933843361513e-03 -4.621835582785546737e-03 4.341236199019695742e-03 7.279960421160639600e-03 2.692952373163883667e-03 -9.734720170391031671e-04 2.633928981896183942e-03 1.930811397746476756e-03 4.873506843233054234e-03 1.480630781144145341e-02 -1.175090370445729159e-03 -6.151339899289454995e-03 1.199080141624573291e-02 2.233296441373991675e-03 -7.787258349910623073e-03 -1.325471568140514176e-03
-1.858995709839933799e-03 9.490997826952710234e-04 -9.193532434317979937e-03 -3.856636482985486333e-03 1.148873688479561291e-02 -6.147343848774241204e-04 2.457262603334639181e-03 4.748139312560788520e-04 -4.389415816403961605e-03 3.790823279650422633e-03 1.592542794703141751e-01 1.222694093836409861e-03 4.587041886503966624e-03 -7.160785604198290598e-03 6.870789216540965257e-03 -3.406967491869046689e-03 7.034522960575585954e-04 -2.187976870687191513e-04 -1.179329910331383419e-03 -4.240417656312658531e-03 -7.305868273764490111e-04 9.700351438217188083e-04 -1.047171050464002070e-03 -1.108928897753344751e-02 -3.887954819900096923e-04 -3.877680655565349504e-03 -4.491133353353948116e-03 1.759151019191776237e-03 -2.204417055767313258e-03 -2.504022540741790599e-03 1.047290772116413107e-03 -3.995937318175568111e-03 -6.146483660068422991e-03 -5.614206519733611241e-04 6.230430570357297325e-03 -1.043713192530898058e-03 -3.971117793360011070e-03 4.959834811578044990e-03 5.505718596847088836e-03 -1.005253595374732030e-02
-5.924638474544938367e-03 1.294695589383106126e-03 5.955993591762551859e-03 3.075859126669874908e-03 -9.850755987395585535e-04 -1.111120252710267459e-02 6.206683666529054120e-04 4.268356246348260427e-03 5.311672081757952109e-04 -5.030078692882545936e-03 1.222694093836409861e-03 1.659066011427388909e-01 1.285831705902901970e-03 3.611034096778292356e-03 -7.723204654767289873e-03 -3.502713540664691150e-03 3.324842608386760837e-03 4.259425608153128394e-03 -1.624539597558450569e-03 -6.436600510106620793e-03 9.482193523560495177e-03 -1.134818500722880111e-02 -3.723301173247055415e-04 -1.305407403361250399e-03 1.051473795779409660e-04 -5.139686212833458404e-03 1.001623606775070043e-02 3.651516901980113045e-03 -3.456835686002279837e-03 -3.910223519568436883e-03 1.937941314980991475e-03 -1.537675583296823235e-03 -3.829298293808903932e-03 6.335194607739545909e-03 -5.153321428693828470e-03 -1.283766230505515270e-03 4.532146779338133008e-03 -6.608174730358273505e-03 -1.151662954144532132e-02 -2.009049311046563670e-03
-3.339779159536798020e-03 -8.166429270938418625e-03 9.442625169403907198e-03 7.434389532016196303e-03 -7.398779206809089244e-03 -2.267286724343845622e-03 -1.202325570558202689e-02 3.366083056117331451e-03 1.241737010465245039e-02 2.929012554565572652e-03 4.587041886503966624e-03 1.285831705902901970e-03 1.556931783122910695e-01 -7.373064971237663565e-03 7.624194314679247006e-03 -9.778606803304875760e-04 -6.830560849712828154e-03 -4.611222423363071053e-03 -7.497723174860530977e-03 -9.134138001647346735e-04 3.235312639154405354e-03 -4.040286913797029936e-03 9.002568064083904704e-04 9.700548623119428044e-04 1.017423430136405165e-03 8.664799077696528837e-03 -4.790842872139172530e-03 -1.161440136811499758e-03 -2.549179298198174862e-03 -9.636744535116335830e-03 -2.641665792790980939e-03 -1.736655448307309387e-03 8.952326352159803088e-03 2.330287897124892012e-04 3.570765912837059030e-03 -7.528049667774748890e-03 -1.449803318185885308e-02 7.401515159729647048e-03 9.122667299388509746e-03 -9.225355461616256258e-04
3.908695802779004955e-03 1.759945239915089487e-03 4.761344973538413766e-03 5.357571728338602311e-03 -3.030544137672117229e-03 1.107121478283825278e-03 6.747081236109913997e-03 -1.022672749507011654e-03 6.731405742033347295e-03 1.937508823244688460e-03 -7.160785604198290598e-03 3.611034096778292356e-03 -7.373064971237663565e-03 1.609092782958184420e-01 9.067728947933010458e-03 2.717471438588838699e-04 -7.433020307582281945e-03 -1.416903531643930224e-03 -3.031159562397938399e-03 8.731817550097133868e-04 -5.478451680016243686e-04 8.761897635314130559e-03 -6.383553973692901624e-03 -1.707378550534175169e-03 -5.051908581091605309e-04 3.454862158112007812e-03 4.566054575087806315e-03 4.400238090412457795e-03 5.257018700452057922e-03 2.719335475063880837e-03 -8.230869167000119061e-04 -5.055187999509760596e-03 1.410304772306956479e-03 6.354430250079369860e-03 -1.886892936734058199e-03 5.302049232988514417e-03 2.985173929413848654e-03 -2.000259396378397444e-03 -1.767251292142285688e-03 -8.571483402329528600e-03
-3.596622726161372192e-03 6.480899515420663649e-03 1.410888973882885476e-03 -2.956887596024055254e-03 4.709965991071750693e-03 -1.337755996802565163e-02 5.556933368019425709e-03 -3.563007242078806091e-04 -2.778860682438514737e-03 -1.640693510635178327e-04 6.870789216540965257e-03 -7.723204654767289873e-03 7.624194314679247006e-03 9.067728947933010458e-03 1.591956107541912524e-01 -3.740561595730057618e-03 -4.685274378025064065e-03 -2.498885219403287374e-03 2.496594704101171014e-03 -3.012827372211389788e-03 1.606678467495407242e-03 -2.781593955697454941e-03 -6.674582335777024325e-04 -3.249609855828657057e-04 2.678620827833023965e-03 2.435706133889134744e-03 -4.401082866606958674e-03 -1.155897904331667364e-02 2.482272658781928525e-03 -4.664193890264899632e-03 -5.019678165501578228e-03 -2.632786100477107778e-03 -4.070444864905844312e-03 -3.137172130106138674e-03 1.443582990715165833e-03 4.103049424418259324e-03 -5.971565856745538088e-03 1.134503013197071938e-03 3.850203434468758238e-03 5.297643380052542705e-03
-1.727745708743801210e-03 4.216760840074868129e-03 9.179124969016471921e-05 2.086801479010132881e-03 1.892998025205786580e-03 5.824762980493578294e-04 -8.342895430043057933e-03 8.823155905225928131e-03 -1.085315551572884826e-02 -8.705078777997995662e-03 -3.406967491869046689e-03 -3.502713540664691150e-03 -9.778606803304875760e-04 2.717471438588838699e-04 -3.740561595730057618e-03 1.564728626667130917e-01 6.927386169937974937e-03 -1.858791977264629943e-03 7.761711293130505894e-04 1.639451246318164752e-03 -2.303694840839090856e-03 -1.777834204990642571e-03 -1.464694094708837019e-03 -9.202357091595925274e-05 -4.880534452136837259e-03 2.942379419813147094e-03 -9.353661595501385926e-04 -2.491634265747065795e-03 -6.471294495215716355e-03 1.131445446681830086e-02 5.355598959718961896e-03 8.500545846609695302e-04 6.706911901218159423e-03 -1.233014383910154476e-03 -8.746776599086757142e-03 7.845870355692671078e-03 1.825161002293281941e-03 2.906739148056965323e-03 -6.388203447930121230e-03 1.270043018879926482e-02
7.279593888327229919e-04 1.619299498911005650e-03 -6.275898488138271364e-03 4.185641323931434989e-03 1.306539711753298017e-03 -3.384237772355982565e-03 3.848116788466997805e-03 2.800802993425572512e-03 2.246101606533946245e-03 7.414343999077463443e-03 7.034522960575585954e-04 3.324842608386760837e-03 -6.830560849712828154e-03 -7.433020307582281945e-03 -4.685274378025064065e-03 6.927386169937974937e-03 1.509102117976643953e-01 5.972180044041700518e-03 3.463138872882390220e-03 1.817357280685079910e-03 3.940982553569962431e-03 2.335456398244775775e-03 -2.997318581612072857e-03 5.697709569283749068e-03 -1.572646963677639450e-03 2.496302643974472753e-04 5.783667593685471809e-04 2.566888930625710417e-03 -5.546077089999032483e-03 -3.741059467328313771e-03 6.815879871319579369e-03 -2.628842746231824321e-03 8.152905120780662386e-04 3.356590134723816095e-04 -4.351032939975847495e-03 -5.681820323645314294e-03 -5.474067383467819993e-03 8.782281587488982447e-04 -2.772519776506146474e-03 2.432458576907605644e-03
-3.047624205678407545e-03 -4.124697717010560385e-03 -4.420028203655684655e-03 6.266594219829389398e-03 -4.938832761316698690e-03 5.680844230383046839e-03 -2.824547782520145638e-03 -2.052829386341451390e-03 1.734438511455422757e-03 -6.105765846858444458e-03 -2.187976870687191513e-04 4.259425608153128394e-03 -4.611222423363071053e-03 -1.416903531643930224e-03 -2.498885219403287374e-03 -1.858791977264629943e-03 5.972180044041700518e-03 1.568481685287732574e-01 -5.122853434707720470e-03 3.583880206523156874e-03 1.706127658760025253e-03 -5.826545166069052421e-03 6.230490043296794955e-03 -4.371013874512238431e-04 -4.142997768870033764e-04 5.095494437519782448e-03 -3.402029928697594078e-03 9.920941104164630875e-04 4.711340117436244382e-03 1.039022071841895186e-03 -1.296874919637816363e-03 -7.395883623686745709e-04 3.431393562972582210e-03 3.127729877538477313e-03 -9.325039651748859987e-03 1.969761527566726844e-03 -3.281714247336977967e-04 2.026323509348463160e-03 5.276280465575869903e-03 3.077056152083870234e-04
-8.915213136714389116e-04 2.206650655510395201e-03 6.271418058559485452e-05 1.012116560635646992e-02 -1.121032306195841600e-04 -2.496785379931100966e-03 -8.239076972446841493e-03 4.055820074045632384e-03 1.173575001030468948e-03 -2.316445061718939297e-04 -1.179329910331383419e-03 -1.624539597558450569e-03 -7.497723174860530977e-03 -3.031159562397938399e-03 2.496594704101171014e-03 7.761711293130505894e-04 3.463138872882390220e-03 -5.122853434707720470e-03 1.570179220444773427e-01 1.956973906944204939e-03 7.759180133924702127e-03 2.038401318788132354e-04 -2.535834451728691177e-03 -4.576073560733039808e-03 4.199201609773357304e-03 8.409279203469094410e-03 -2.585297227061094391e-04 3.701676896890553677e-03 -1.085021354768670593e-02 9.003068960223759368e-03 -2.261282832434673585e-03 2.378434703280836796e-03 -9.709682595752056056e-03 -8.141751734809318450e-03 -1.965255124038686827e-03 -5.780001164087893335e-03 -8.214884187773246593e-04 -3.238263501234204655e-03 8.927904989493438319e-04 -9.769226692330237188e-03
-2.048754660022266295e-03 2.405512904277576705e-03 2.837665527416055448e-04 -1.000314510597016468e-03 -1.502775737080535147e-04 1.080639527646938547e-02 -5.470356208621517634e-03 -3.981632469191259335e-03 -5.830463494948449552e-03 -8.048619000953128114e-03 -4.240417656312658531e-03 -6.436600510106620793e-03 -9.134138001647346735e-04 8.731817550097133868e-04 -3.012827372211389788e-03 1.639451246318164752e-03 1.817357280685079910e-03 3.583880206523156874e-03 1.956973906944204939e-03 1.521531853491088770e-01 -3.087435935910807974e-03 6.462639429946423139e-03 6.162833093946915725e-03 2.544424010426770116e-03 -2.192268649997659684e-03 6.438836497420897089e-04 8.510131641395078314e-04 -1.377296015873647438e-02 -2.920599662604566552e-03 3.029630212257868136e-03 -7.867146424194259788e-03 -7.589026095626667193e-04 -5.338198508511663928e-03 -1.013904434640009681e-03 5.727976904859414034e-03 -4.945105309760923929e-04 3.356012002458197505e-03 7.280957443812265811e-04 7.062911611259380627e-03 -9.181051831732994079e-03
5.777109365105463981e-03 -4.347204825084088095e-04 6.461427276296389036e-03 -2.802096708542822084e-03 -3.564952522271260882e-04 -3.938567404266288437e-03 -8.455155548737379109e-04 -2.362638920915506255e-04 3.141403994458779290e-03 -4.059615906078235803e-03 -7.305868273764490111e-04 9.482193523560495177e-03 3.235312639154405354e-03 -5.478451680016243686e-04 1.606678467495407242e-03 -2.303694840839090856e-03 3.940982553569962431e-03 1.706127658760025253e-03 7.759180133924702127e-03 -3.087435935910807974e-03 1.570595124173894963e-01 -2.666630407618648165e-03 2.685084737622448706e-03 -2.560772625633636699e-03 9.310568787728575046e-03 5.383159943544802394e-03 -8.466035298040027780e-04 -2.193586226082671654e-03 3.838721263808902474e-03 9.164241789180353065e-03 1.660498897426401083e-02 -9.685610674097160783e-03 1.052931747210854828e-03 1.244302347567411045e-02 -1.454309504177984935e-03 5.303918310560035501e-03 1.982287852376993752e-03 2.352637135300173279e-03 6.298935434008868205e-03 -1.115291419179139558e-03
-1.063905795951561144e-02 3.108843184167968767e-04 2.621368483684227875e-03 4.971208072921204195e-03 1.222502640046534529e-03 -1.855767382611731931e-03 1.406825343334509046e-03 -1.124125816939567334e-02 1.143164218412483397e-02 3.594579688350179030e-03 9.700351438217188083e-04 -1.134818500722880111e-02 -4.040286913797029936e-03 8.761897635314130559e-03 -2.781593955697454941e-03 -1.777834204990642571e-03 2.335456398244775775e-03 -5.826545166069052421e-03 2.038401318788132354e-04 6.462639429946423139e-03 -2.666630407618648165e-03 1.611437436739129869e-01 3.433480570613605450e-03 -2.055297759455114882e-03 -9.266075329127059293e-03 -3.327196512463122431e-03 -8.814707993311146628e-03 -2.460594011410371755e-03 5.268716398612318177e-03 3.164012160177701732e-03 -5.618734940856587312e-03 3.845284958240500323e-04 1.811052215499124032e-03 7.268358520845251197e-04 9.003451768687234296e-04 1.147675575736647720e-03 -2.266361941468591178e-03 -1.015142951488590649e-02 -3.525087386319021143e-03 1.039582823721591290e-02
3.847135916200119903e-03 8.619821350903099713e-03 -9.823995874660962878e-04 4.212373879516792888e-03 1.981090636487557125e-03 2.547659403237401664e-03 2.252967510347235209e-03 -5.142571527435723863e-03 -1.826064049065001673e-05 -7.277672157917780202e-03 -1.047171050464002070e-03 -3.723301173247055415e-04 9.002568064083904704e-04 -6.383553973692901624e-03 -6.674582335777024325e-04 -1.464694094708837019e-03 -2.997318581612072857e-03 6.230490043296794955e-03 -2.535834451728691177e-03 6.162833093946915725e-03 2.685084737622448706e-03 3.433480570613605450e-03 1.683433919832646730e-01 4.113280250323145433e-03 -4.867930773942125144e-03 -2.876298402996727357e-03 -4.000914510962878291e-03 1.230818650436742503e-03 -3.864985993937501349e-03 2.702169277080619441e-04 5.038876761560507657e-03 -2.216711634171392165e-03 -7.835551887824023995e-03 -5.386570628458529821e-04 -6.698599182168438930e-04 -1.239782794390022549e-02 7.038712611267534773e-03 -4.642719542947353756e-03 -2.694515577120575912e-03 6.613213784136327648e-03
6.548547312335754964e-04 2.961865223867250416e-03 -5.024928314559505300e-04 3.688190998198621461e-03 -3.863977427233804968e-03 -3.567790265949962944e-03 7.524860946327724051e-03 -3.565681613010437782e-03 -2.199581820995293274e-04 1.865816020384299893e-03 -1.108928897753344751e-02 -1.305407403361250399e-03 9.700548623119428044e-04 -1.707378550534175169e-03 -3.249609855828657057e-04 -9.202357091595925274e-05 5.697709569283749068e-03 -4.371013874512238431e-04 -4.576073560733039808e-03 2.544424010426770116e-03 -2.560772625633636699e-03 -2.055297759455114882e-03 4.113280250323145433e-03 1.555686021467141966e-01 -1.585339200052629472e-03 -4.724325377360861014e-03 -7.143453093590053371e-04 -3.332235463075659647e-03 -1.434883563944649087e-03 -9.058077243988723855e-04 2.071962607458655969e-03 5.834666553047480712e-03 8.809228568543495813e-03 -5.724325231291095811e-04 9.425199817728454818e-03 1.467449495020489670e-03 4.696452834926884840e-03 6.459163978626854437e-03 -1.655991653029391679e-04 6.934260449906580123e-03
6.501456717440509854e-03 -3.970027803444184551e-03 1.260565322625285594e-03 2.803851511806708125e-03 6.972372443848210040e-03 -2.099893900798406599e-03 -5.337082407148471125e-03 -1.839193635825946615e-03 9.132497252952262055e-04 1.829381933843361513e-03 -3.887954819900096923e-04 1.051473795779409660e-04 1.017423430136405165e-03 -5.051908581091605309e-04 2.678620827833023965e-03 -4.880534452136837259e-03 -1.572646963677639450e-03 -4.142997768870033764e-04 4.199201609773357304e-03 -2.192268649997659684e-03 9.310568787728575046e-03 -9.266075329127059293e-03 -4.867930773942125144e-03 -1.585339200052629472e-03 1.490637779925520212e-01 6.430506820378297309e-03 1.163031319599514349e-02 5.192030616467482353e-03 -2.414930351218131863e-04 -6.449169020576255365e-03 -6.096546380955962735e-04 4.725500499209694990e-06 1.966971255978278588e-03 -6.126624928309823762e-03 -4.958950783373369375e-04 -5.204391870770321352e-03 8.577038746713618392e-03 -3.110907400045841067e-03 2.585941129103404637e-03 -4.008742747785648541e-03
3.260330324428948635e-03 -2.180215456948158236e-03 5.677713202767288234e-03 -2.131780628118553483e-03 3.896432419369778941e-03 -1.756966653435041478e-04 3.584629385200721889e-04 -3.819874856773174555e-03 -1.018372995760915591e-03 -4.621835582785546737e-03 -3.877680655565349504e-03 -5.139686212833458404e-03 8.664799077696528837e-03 3.454862158112007812e-03 2.435706133889134744e-03 2.942379419813147094e-03 2.496302643974472753e-04 5.095494437519782448e-03 8.409279203469094410e-03 6.438836497420897089e-04 5.383159943544802394e-03 -3.327196512463122431e-03 -2.876298402996727357e-03 -4.724325377360861014e-03 6.430506820378297309e-03 1.573136633836477727e-01 -2.346492488427996768e-03 3.402122687561875535e-03 4.940850296680796352e-03 -4.107667263437357608e-03 -3.242422557865178544e-03 3.933463519644919866e-03 1.107688177759170133e-02 -3.620298997631652728e-03 -2.110237467598823427e-03 -2.729359542181284889e-03 -1.239177451072317679e-03 1.864839026645740382e-04 5.851735297351416329e-03 4.586429731487823812e-03
-2.367787927183790785e-03 3.029509859227807068e-03 6.566764880848443772e-03 -5.557215918503237775e-03 4.127620200277845960e-05 1.475641802850663313e-03 -1.031871500863992992e-02 6.723993844075406949e-03 1.004781985913798248e-02 4.341236199019695742e-03 -4.491133353353948116e-03 1.001623606775070043e-02 -4.790842872139172530e-03 4.566054575087806315e-03 -4.401082866606958674e-03 -9.353661595501385926e-04 5.783667593685471809e-04 -3.402029928697594078e-03 -2.585297227061094391e-04 8.510131641395078314e-04 -8.466035298040027780e-04 -8.814707993311146628e-03 -4.000914510962878291e-03 -7.143453093590053371e-04 1.163031319599514349e-02 -2.346492488427996768e-03 1.560360410115836927e-01 7.047481074747635570e-03 -8.422850858496059787e-03 1.248189659998463893e-03 -4.185079043089164584e-03 -6.113463488357684557e-04 7.586711639510097978e-03 1.238198513925143143e-03 -3.881528193385844205e-03 -1.452868487849068389e-03 -3.340841893519243613e-03 9.259899295634683655e-03 1.030461166974014868e-04 1.335543911219476193e-03
3.730690012094099207e-03 -9.059597276180344182e-04 -4.423752249672739494e-03 4.221762138481061251e-03 1.590768781315246875e-03 4.229952728478483305e-04 5.123023932213260564e-03 1.141661943306906306e-03 1.701905451972848989e-03 7.279960421160639600e-03 1.759151019191776237e-03 3.651516901980113045e-03 -1.161440136811499758e-03 4.400238090412457795e-03 -1.155897904331667364e-02 -2.491634265747065795e-03 2.566888930625710417e-03 9.920941104164630875e-04 3.701676896890553677e-03 -1.377296015873647438e-02 -2.193586226082671654e-03 -2.460594011410371755e-03 1.230818650436742503e-03 -3.332235463075659647e-03 5.192030616467482353e-03 3.402122687561875535e-03 7.047481074747635570e-03 1.445429871225998864e-01 8.387973697017591171e-03 -4.680866214226791361e-03 -1.473742076422488454e-03 5.482968031668216183e-03 4.805257462195692587e-03 2.219370058039312691e-04 3.126394888797480280e-03 -5.572235507153426928e-03 2.635635378856421383e-03 -4.905482473373927801e-03 -5.338520989857557277e-03 -8.260674217530863950e-03
1.825178026198569572e-03 -1.177731809328347182e-03 -5.854178022657663752e-03 -2.555067688465160157e-03 -9.179485013462579390e-03 -5.635928211939574516e-03 2.522400857339065789e-03 -8.845707134560752694e-03 1.031017499307863893e-03 2.692952373163883667e-03 -2.204417055767313258e-03 -3.456835686002279837e-03 -2.549179298198174862e-03 5.257018700452057922e-03 2.482272658781928525e-03 -6.471294495215716355e-03 -5.546077089999032483e-03 4.711340117436244382e-03 -1.085021354768670593e-02 -2.920599662604566552e-03 3.838721263808902474e-03 5.268716398612318177e-03 -3.864985993937501349e-03 -1.434883563944649087e-03 -2.414930351218131863e-04 4.940850296680796352e-03 -8.422850858496059787e-03 8.387973697017591171e-03 1.681480136650388701e-01 -3.385275278297271602e-03 2.485349579239510935e-03 8.847187193890477738e-03 9.622182514223318398e-03 4.570921961546924907e-03 1.185925679212598301e-04 4.122927862933705584e-03 -3.634952340871900039e-03 -5.775197494721700598e-04 -3.167542841582536486e-03 1.269054857156688221e-03
-3.954572076568931699e-03 4.417953475759996140e-03 6.033355517213108074e-03 -9.770619952613199613e-03 3.266781683389603438e-03 -1.515633628497296478e-03 1.699271393773231064e-03 -4.419937152808208446e-03 -2.705013826143634875e-03 -9.734720170391031671e-04 -2.504022540741790599e-03 -3.910223519568436883e-03 -9.636744535116335830e-03 2.719335475063880837e-03 -4.664193890264899632e-03 1.131445446681830086e-02 -3.741059467328313771e-03 1.039022071841895186e-03 9.003068960223759368e-03 3.029630212257868136e-03 9.164241789180353065e-03 3.164012160177701732e-03 2.702169277080619441e-04 -9.058077243988723855e-04 -6.449169020576255365e-03 -4.107667263437357608e-03 1.248189659998463893e-03 -4.680866214226791361e-03 -3.385275278297271602e-03 1.505709171107487421e-01 -1.310613501142181595e-04 5.725316296562032135e-03 5.903624862661637114e-03 7.778183232792104315e-03 -1.965627592191878607e-03 6.663078849887462719e-03 3.975084556495461080e-03 2.133530004034093607e-03 2.015153865511684888e-03 7.329952881783422143e-03
3.849150917908293612e-03 2.938405918067257903e-03 2.252512680661452032e-03 4.786916227937426313e-03 -9.438329711641671449e-03 -3.418112868442578327e-03 -1.789480709796600812e-03 7.438087598149150780e-04 -6.274261610251010042e-03 2.633928981896183942e-03 1.047290772116413107e-03 1.937941314980991475e-03 -2.641665792790980939e-03 -8.230869167000119061e-04 -5.019678165501578228e-03 5.355598959718961896e-03 6.815879871319579369e-03 -1.296874919637816363e-03 -2.261282832434673585e-03 -7.867146424194259788e-03 1.660498897426401083e-02 -5.618734940856587312e-03 5.038876761560507657e-03 2.071962607458655969e-03 -6.096546380955962735e-04 -3.242422557865178544e-03 -4.185079043089164584e-03 -1.473742076422488454e-03 2.485349579239510935e-03 -1.310613501142181595e-04 1.659354053423842124e-01 -4.276717167648953939e-03 1.690844005329409164e-03 7.536517271936730468e-03 -7.675622221139929502e-04 5.027938918613617490e-03 1.326591892982226153e-03 3.858377010475307761e-03 2.644576086603026878e-03 -5.085245360218593191e-03
-1.270349129776401475e-03 7.030437503328412806e-05 -2.164797304628388042e-03 -1.870561296449675377e-04 2.939164938542733084e-04 -3.171509000609094679e-03 3.764655647913455524e-03 3.454544861736392677e-03 -3.617771408774329584e-03 1.930811397746476756e-03 -3.995937318175568111e-03 -1.537675583296823235e-03 -1.736655448307309387e-03 -5.055187999509760596e-03 -2.632786100477107778e-03 8.500545846609695302e-04 -2.628842746231824321e-03 -7.395883623686745709e-04 2.378434703280836796e-03 -7.589026095626667193e-04 -9.685610674097160783e-03 3.845284958240500323e-04 -2.216711634171392165e-03 5.834666553047480712e-03 4.725500499209694990e-06 3.933463519644919866e-03 -6.113463488357684557e-04 5.482968031668216183e-03 8.847187193890477738e-03 5.725316296562032135e-03 -4.276717167648953939e-03 1.598825500822669832e-01 -7.185676802729335042e-04 5.570071491475856763e-03 4.417932393416234958e-05 -2.830591705990568880e-03 6.110661268860692261e-03 -2.517738234385036387e-03 -5.174874095096554209e-03 1.188911369455269507e-03
5.913073960171836597e-03 -2.461559011955166774e-03 -2.053487015162974282e-03 -5.123681660799438761e-04 3.071687272443411609e-03 -5.260857776961980724e-03 -8.193849441079717466e-03 -1.145024159885210885e-03 -1.167904116416646279e-03 4.873506843233054234e-03 -6.146483660068422991e-03 -3.829298293808903932e-03 8.952326352159803088e-03 1.410304772306956479e-03 -4.070444864905844312e-03 6.706911901218159423e-03 8.152905120780662386e-04 3.431393562972582210e-03 -9.709682595752056056e-03 -5.338198508511663928e-03 1.052931747210854828e-03 1.811052215499124032e-03 -7.835551887824023995e-03 8.809228568543495813e-03 1.966971255978278588e-03 1.107688177759170133e-02 7.586711639510097978e-03 4.805257462195692587e-03 9.622182514223318398e-03 5.903624862661637114e-03 1.690844005329409164e-03 -7.185676802729335042e-04 1.633289087147427876e-01 -5.680260817039349715e-03 -4.764971815407412388e-03 7.023150385056999880e-03 -1.094501536489241814e-03 -2.003218316331340215e-03 -2.050521930924581807e-03 7.456873648899939137e-03
-4.074542158766947540e-05 6.609433919189513194e-03 -9.759901215759160184e-03 -2.035809939364943873e-03 6.040488253933374869e-04 2.889305669750567504e-03 5.912193992134519120e-03 1.088151522967775384e-02 2.573272309376903690e-04 1.480630781144145341e-02 -5.614206519733611241e-04 6.335194607739545909e-03 2.330287897124892012e-04 6.354430250079369860e-03 -3.137172130106138674e-03 -1.233014383910154476e-03 3.356590134723816095e-04 3.127729877538477313e-03 -8.141751734809318450e-03 -1.013904434640009681e-03 1.244302347567411045e-02 7.268358520845251197e-04 -5.386570628458529821e-04 -5.724325231291095811e-04 -6.126624928309823762e-03 -3.620298997631652728e-03 1.238198513925143143e-03 2.219370058039312691e-04 4.570921961546924907e-03 7.778183232792104315e-03 7.536517271936730468e-03 5.570071491475856763e-03 -5.680260817039349715e-03 1.549224452663674201e-01 -5.848336184968487561e-03 -5.860447368683368956e-03 8.411256780997250146e-03 -2.836910725758492254e-04 -5.198114249581628141e-03 -2.984681392805377947e-03
-2.073085143966647099e-04 2.286170073664902432e-03 -4.195043283858093143e-03 5.051967271479996559e-03 7.069774803586522868e-03 -6.250510570072666944e-03 7.410470889264024995e-03 -1.107841969761093510e-03 1.689697316010744686e-03 -1.175090370445729159e-03 6.230430570357297325e-03 -5.153321428693828470e-03 3.570765912837059030e-03 -1.886892936734058199e-03 1.443582990715165833e-03 -8.746776599086757142e-03 -4.351032939975847495e-03 -9.325039651748859987e-03 -1.965255124038686827e-03 5.727976904859414034e-03 -1.454309504177984935e-03 9.003451768687234296e-04 -6.698599182168438930e-04 9.425199817728454818e-03 -4.958950783373369375e-04 -2.110237467598823427e-03 -3.881528193385844205e-03 3.126394888797480280e-03 1.185925679212598301e-04 -1.965627592191878607e-03 -7.675622221139929502e-04 4.417932393416234958e-05 -4.764971815407412388e-03 -5.848336184968487561e-03 1.593868470231174506e-01 -3.671267169765010186e-04 -2.094568093091697756e-03 6.449950317039146973e-03 -1.281969318275998646e-03 -3.923333799154741066e-04
-1.527301511803968569e-03 4.717706655423233378e-03 -7.318082126306406582e-04 -2.494106086743809025e-03 -7.432206922476724577e-03 1.030251303707427736e-03 1.997466015288716732e-03 -4.431721197429019758e-03 -8.825377606899193362e-04 -6.151339899289454995e-03 -1.043713192530898058e-03 -1.283766230505515270e-03 -7.528049667774748890e-03 5.302049232988514417e-03 4.103049424418259324e-03 7.845870355692671078e-03 -5.681820323645314294e-03 1.969761527566726844e-03 -5.780001164087893335e-03 -4.945105309760923929e-04 5.303918310560035501e-03 1.147675575736647720e-03 -1.239782794390022549e-02 1.467449495020489670e-03 -5.204391870770321352e-03 -2.729359542181284889e-03 -1.452868487849068389e-03 -5.572235507153426928e-03 4.122927862933705584e-03 6.663078849887462719e-03 5.027938918613617490e-03 -2.830591705990568880e-03 7.023150385056999880e-03 -5.860447368683368956e-03 -3.671267169765010186e-04 1.603981255518050208e-01 3.162048235284735474e-03 -9.555100666782133378e-03 -2.969997170912251627e-03 2.188037955582808943e-03
6.034160260305481381e-03 1.671061049655262485e-03 1.191621710626247430e-03 -6.761443037260715140e-03 -2.220484929239348228e-03 5.687942855749228074e-03 2.761472556451411917e-03 -2.119488564960512935e-03 1.595196445640931823e-03 1.199080141624573291e-02 -3.971117793360011070e-03 4.532146779338133008e-03 -1.449803318185885308e-02 2.985173929413848654e-03 -5.971565856745538088e-03 1.825161002293281941e-03 -5.474067383467819993e-03 -3.281714247336977967e-04 -8.214884187773246593e-04 3.356012002458197505e-03 1.982287852376993752e-03 -2.266361941468591178e-03 7.038712611267534773e-03 4.696452834926884840e-03 8.577038746713618392e-03 -1.239177451072317679e-03 -3.340841893519243613e-03 2.635635378856421383e-03 -3.634952340871900039e-03 3.975084556495461080e-03 1.326591892982226153e-03 6.110661268860692261e-03 -1.094501536489241814e-03 8.411256780997250146e-03 -2.094568093091697756e-03 3.162048235284735474e-03 1.618545656676702582e-01 -2.780356740602017967e-03 -3.110010641403494844e-03 1.165878517280603734e-03
1.255207585438806528e-03 -9.415119059199485163e-03 -5.156209164008952392e-03 7.128695371323874423e-03 1.854094002682940003e-04 4.084131168280825432e-03 -3.846406796847715113e-03 -6.614073444819116264e-03 1.798170822198905290e-03 2.233296441373991675e-03 4.959834811578044990e-03 -6.608174730358273505e-03 7.401515159729647048e-03 -2.000259396378397444e-03 1.134503013197071938e-03 2.906739148056965323e-03 8.782281587488982447e-04 2.026323509348463160e-03 -3.238263501234204655e-03 7.280957443812265811e-04 2.352637135300173279e-03 -1.015142951488590649e-02 -4.642719542947353756e-03 6.459163978626854437e-03 -3.110907400045841067e-03 1.864839026645740382e-04 9.259899295634683655e-03 -4.905482473373927801e-03 -5.775197494721700598e-04 2.133530004034093607e-03 3.858377010475307761e-03 -2.517738234385036387e-03 -2.003218316331340215e-03 -2.836910725758492254e-04 6.449950317039146973e-03 -9.555100666782133378e-03 -2.780356740602017967e-03 1.618668358144485786e-01 2.713279448182633665e-03 -2.299526642294450786e-03
3.370104407437026460e-03 -2.756613978363255200e-03 -9.331752205094532085e-03 -6.398480695620309411e-03 7.301827681047868429e-05 7.369457660635359182e-03 5.322081080777028503e-03 2.502129112330328704e-03 -1.079924847016698608e-02 -7.787258349910623073e-03 5.505718596847088836e-03 -1.151662954144532132e-02 9.122667299388509746e-03 -1.767251292142285688e-03 3.850203434468758238e-03 -6.388203447930121230e-03 -2.772519776506146474e-03 5.276280465575869903e-03 8.927904989493438319e-04 7.062911611259380627e-03 6.298935434008868205e-03 -3.525087386319021143e-03 -2.694515577120575912e-03 -1.655991653029391679e-04 2.585941129103404637e-03 5.851735297351416329e-03 1.030461166974014868e-04 -5.338520989857557277e-03 -3.167542841582536486e-03 2.015153865511684888e-03 2.644576086603026878e-03 -5.174874095096554209e-03 -2.050521930924581807e-03 -5.198114249581628141e-03 -1.281969318275998646e-03 -2.969997170912251627e-03 -3.110010641403494844e-03 2.713279448182633665e-03 1.619516465905769254e-01 -3.518606127448992409e-03
